generation,N_shifts,logPrior,logLik,eventRate,acceptRate
0,0,-3.13789,-578.905,20,1
5000,0,-3.11659,-449.293,0.395044,0.326
10000,0,-3.60344,-446.919,3.97351,0.1798
15000,1,-5.17,-446.576,1.27539,0.252516
20000,0,-3.08401,-448.144,0.148665,0.2852
25000,0,-3.44279,-446.943,0.45222,0.220991
30000,0,-3.12297,-447.695,0.293394,0.2352
35000,0,-3.13551,-448.4,0.540809,0.2562
40000,0,-3.78331,-447.008,0.0294778,0.254667
45000,0,-4.20826,-447.366,0.160973,0.1985
50000,0,-4.3199,-448.163,2.13138,0.2016
55000,0,-3.65761,-446.748,1.28779,0.2218
60000,0,-4.34381,-451.889,1.21874,0.21448
65000,0,-3.51673,-449.327,1.83453,0.2772
70000,0,-4.47687,-448.943,0.517033,0.253667
75000,0,-3.8137,-447.141,0.379379,0.1848
80000,0,-3.11736,-447.894,0.668885,0.289
85000,0,-3.33145,-447.607,1.10752,0.2168
90000,0,-3.11755,-448.122,0.101453,0.2057
95000,0,-3.20995,-448.511,4.74299,0.304
100000,0,-3.52825,-446.866,1.04151,0.266067
105000,0,-3.66985,-447.791,0.0738696,0.2044
110000,0,-4.34813,-448.252,0.072946,0.1884
115000,0,-2.96776,-452.791,0.25413,0.213914
120000,0,-3.71648,-447.813,1.14551,0.1876
125000,0,-3.37251,-447.13,0.130084,0.2096
130000,1,-3.69699,-448.721,0.289796,0.2075
135000,0,-3.21155,-447.971,0.590051,0.214533
140000,0,-2.86456,-449.642,0.0865765,0.2426
145000,0,-3.40822,-446.962,0.240829,0.2021
150000,1,-4.86424,-445.077,1.8374,0.2857
155000,0,-3.11336,-448.303,0.518208,0.2007
160000,0,-3.17692,-447.924,0.192826,0.2044
165000,0,-3.23115,-449.85,1.94052,0.2838
170000,3,-4.0665,-433.483,2.34221,0.5074
175000,2,-3.66231,-436.702,4.1251,0.37406
180000,6,-6.61156,-432.651,5.83253,0.5037
185000,0,-2.73933,-450.706,1.38862,0.271909
190000,2,-4.76159,-438.495,2.54839,0.481733
195000,0,-3.90925,-448.155,0.742898,0.2746
200000,0,-4.11389,-447.553,0.0209417,0.408
205000,6,-8.32607,-427.374,6.81848,0.51148
210000,0,-3.95752,-448.053,0.305298,0.183
215000,7,-11.2125,-425.953,5.83089,0.5069
220000,0,-3.34601,-448.697,1.93137,0.219055
225000,0,-3.4134,-447.817,2.66301,0.234733
230000,0,-3.54034,-448.214,0.834187,0.2001
235000,0,-3.31681,-447.164,0.619748,0.1834
240000,4,-8.09037,-426.708,2.80771,0.51672
245000,0,-2.69113,-451.189,2.22877,0.2024
250000,0,-3.34938,-447.424,1.7001,0.2138
255000,0,-2.75579,-449.14,0.226314,0.210833
260000,6,-5.96356,-422.648,7.30577,0.5073
265000,3,-8.22752,-438.63,4.34629,0.5256
270000,0,-2.87353,-452.128,0.34334,0.204173
275000,0,-4.33655,-448.351,0.609242,0.24475
280000,9,-13.1444,-430.739,12.6458,0.5244
285000,0,-2.87388,-448.688,0.0273109,0.215333
290000,7,-10.6991,-423.798,7.75795,0.5219
295000,7,-14.129,-419.699,7.8737,0.5264
300000,0,-3.92,-448.503,0.289614,0.22664
305000,0,-3.90814,-446.768,0.462141,0.203
310000,1,-4.35033,-450.395,0.693565,0.229314
315000,0,-3.91082,-447.003,0.722057,0.2101
320000,0,-3.11624,-449.47,0.379801,0.1919
325000,0,-3.16721,-447.773,0.0586192,0.21575
330000,0,-2.79478,-449.171,0.614442,0.205133
335000,4,-6.63366,-433.613,10.3836,0.516975
340000,3,-2.73734,-429.655,1.52987,0.5156
345000,0,-3.71453,-446.785,0.677559,0.2046
350000,5,-5.60092,-424.799,7.92969,0.4952
355000,8,-8.94626,-422.041,3.61386,0.5548
360000,0,-3.60265,-447.043,0.357106,0.19845
365000,5,-7.34334,-433.417,5.88982,0.5387
370000,0,-3.48456,-446.916,1.67246,0.18884
375000,0,-3.13941,-450.12,2.13818,0.196867
380000,0,-2.92346,-448.968,0.0219832,0.23
385000,4,-3.3539,-431.06,6.69009,0.49945
390000,0,-3.68992,-447.475,1.29292,0.26715
395000,0,-3.87159,-446.797,1.06435,0.260867
400000,0,-3.68145,-447.397,0.0811318,0.1758
405000,3,-4.18451,-428.456,6.76033,0.51465
410000,5,-2.61488,-428.637,2.73101,0.487
415000,0,-3.94399,-448.477,1.38422,0.21936
420000,0,-3.74323,-447.893,0.977154,0.2281
425000,0,-3.64573,-446.85,1.8925,0.2065
430000,0,-3.33647,-447.478,0.155193,0.219457
435000,0,-3.34886,-448.271,1.08375,0.1912
440000,0,-4.04097,-447.933,0.433135,0.19815
445000,0,-4.07713,-447.52,1.73809,0.2038
450000,0,-4.31113,-448.152,2.28538,0.23035
455000,0,-3.40376,-448.817,1.88419,0.1792
460000,0,-3.33678,-447.787,0.246609,0.39748
465000,1,-7.36829,-442.912,2.06807,0.21544
470000,1,-6.36722,-446.195,0.776444,0.196
475000,0,-3.61922,-446.693,1.20925,0.22815
480000,1,-3.06825,-449.176,1.9712,0.233629
485000,0,-3.05248,-448.186,0.942592,0.1956
490000,0,-3.85062,-446.881,0.43786,0.1936
495000,0,-3.48676,-446.882,1.08315,0.1826
500000,0,-4.34694,-448.809,2.09818,0.22964
505000,0,-3.20986,-449.314,0.56561,0.20685
510000,0,-3.79116,-446.937,1.68091,0.1976
515000,0,-4.43745,-447.81,2.66021,0.202267
520000,0,-4.0353,-447.347,0.959205,0.197067
525000,0,-4.61433,-450.125,0.0944071,0.21875
530000,0,-4.13759,-449.541,0.341478,0.1736
535000,3,-6.76876,-445.006,5.27402,0.1928
540000,0,-3.30093,-449.708,0.176162,0.2605
545000,0,-3.03299,-448.499,0.56798,0.2308
550000,0,-3.63012,-447.493,0.0373257,0.211067
555000,4,-3.30995,-436.194,6.20414,0.30245
560000,0,-3.6759,-446.783,2.39636,0.1922
565000,2,-2.87492,-441.006,5.73109,0.4819
570000,0,-3.49194,-447.28,0.0628218,0.3628
575000,0,-3.16976,-448.15,1.50101,0.182
580000,0,-2.39797,-451.084,0.221882,0.212
585000,0,-3.19408,-448.083,0.0301476,0.21048
590000,0,-3.11472,-448.605,0.397127,0.1844
595000,0,-4.1903,-449.18,0.529471,0.215533
600000,0,-2.81904,-450.463,0.268153,0.227467
605000,0,-3.91602,-447.059,1.19887,0.207267
610000,0,-3.83359,-447.774,0.717475,0.2004
615000,0,-2.89248,-450.112,1.08462,0.202867
620000,0,-3.41145,-447.491,2.55354,0.1908
625000,0,-3.87602,-447.924,0.453621,0.2124
630000,0,-4.18722,-447.319,0.189803,0.196
635000,0,-3.91057,-448.105,0.560812,0.202033
640000,0,-3.31618,-448.549,1.30958,0.1998
645000,0,-4.90103,-452.916,0.46724,0.1888
650000,0,-4.07351,-448.039,0.0243037,0.1998
655000,0,-3.74021,-448.118,0.166644,0.257
660000,0,-3.43444,-446.845,0.17443,0.2064
665000,0,-3.53636,-447.764,0.708952,0.1958
670000,1,-3.8154,-446.288,0.806428,0.19592
675000,0,-3.535,-447.865,2.87692,0.19978
680000,0,-3.35977,-447.408,1.36351,0.3358
685000,0,-3.46279,-448.762,0.0367898,0.2128
690000,0,-3.82097,-447.177,1.27304,0.194657
695000,0,-4.22895,-447.803,3.45423,0.196567
700000,0,-3.51942,-446.944,0.448015,0.1896
705000,0,-3.94953,-447.08,5.06799,0.1844
710000,1,-4.49994,-449.134,4.84645,0.252
715000,0,-3.22718,-450.619,1.04949,0.2129
720000,0,-3.32842,-447.126,0.534454,0.284667
725000,0,-3.71833,-449.433,2.43347,0.25895
730000,0,-3.15098,-448.589,1.90922,0.1946
735000,0,-3.85818,-446.733,2.69338,0.2202
740000,0,-3.66757,-448.767,0.415083,0.219
745000,0,-4.2414,-447.893,0.563072,0.2121
750000,0,-4.14557,-448.98,0.379265,0.184
755000,1,-5.83823,-444.427,0.765526,0.296733
760000,0,-3.69549,-447.706,1.07926,0.218733
765000,0,-3.72012,-446.606,0.558802,0.284
770000,0,-3.72957,-447.856,0.679769,0.1935
775000,0,-4.07667,-447.786,0.777219,0.1788
780000,1,-2.93699,-444.495,2.47417,0.216233
785000,0,-4.5236,-448.633,2.22303,0.229653
790000,0,-3.91147,-446.866,1.17025,0.210333
795000,1,-3.34202,-449.266,0.210872,0.242167
800000,1,-5.45729,-444.63,1.12883,0.3079
805000,0,-2.83391,-449.935,0.364887,0.2492
810000,0,-3.21475,-449.892,0.727602,0.2176
815000,0,-3.51855,-447.484,0.0741321,0.201257
820000,0,-3.39809,-448.869,1.02829,0.2182
825000,1,-3.92783,-446.289,2.03542,0.19924
830000,0,-4.48956,-449.951,0.792916,0.2414
835000,0,-3.91057,-447.241,0.353812,0.2234
840000,0,-3.83376,-446.828,0.0547484,0.2444
845000,1,-8.30256,-441.466,0.223361,0.197667
850000,0,-3.73496,-447.048,1.66688,0.1857
855000,0,-4.0717,-446.852,3.40261,0.19475
860000,0,-3.60993,-447.225,0.0174319,0.247
865000,0,-3.5712,-447.183,1.04869,0.199038
870000,0,-3.54044,-448.901,0.857149,0.2068
875000,0,-2.84232,-450.506,0.206941,0.21188
880000,0,-3.74538,-446.624,0.803426,0.24845
885000,2,-5.81255,-446.288,2.06644,0.3105
890000,0,-4.21406,-447.792,0.452199,0.1812
895000,0,-4.43892,-448.78,1.49436,0.207
900000,0,-3.43426,-446.87,0.135602,0.233018
905000,0,-3.46208,-449.727,0.245287,0.1968
910000,0,-3.66331,-446.902,1.06357,0.2201
915000,0,-2.85517,-450.613,0.870199,0.2228
920000,4,-5.09397,-442.216,1.82406,0.3001
925000,3,-8.90508,-447.564,6.91167,0.5558
930000,0,-3.87752,-448.024,0.191836,0.22375
935000,0,-3.1757,-447.769,0.638533,0.28735
940000,0,-3.61353,-447.004,0.107214,0.3484
945000,0,-3.92603,-447.261,3.42835,0.198333
950000,0,-3.83544,-447.802,0.00911584,0.199314
955000,1,-4.35683,-447.959,5.71501,0.20495
960000,0,-3.61935,-446.74,0.541079,0.1967
965000,0,-3.09378,-448.348,0.616822,0.20464
970000,0,-3.64195,-447.381,0.390479,0.195533
975000,0,-3.24516,-447.632,0.343583,0.1978
980000,0,-2.92766,-449.409,3.87215,0.198543
985000,0,-3.75356,-446.663,0.7015,0.183533
990000,1,-3.62005,-451.655,2.1533,0.1928
995000,0,-3.72209,-448.819,0.086139,0.219
1000000,0,-3.0388,-448.221,0.72445,0.2067
1005000,0,-2.94062,-449.332,0.709093,0.198
1010000,0,-4.66558,-450.123,0.884613,0.1916
1015000,1,-2.90022,-449.518,0.753903,0.196725
1020000,0,-3.37842,-448.183,1.80096,0.224467
1025000,0,-3.38389,-447.282,0.219192,0.2647
1030000,1,-4.58314,-448.776,4.12241,0.1888
1035000,0,-3.39547,-447.058,1.52508,0.189
1040000,0,-4.58319,-450.344,0.254824,0.1904
1045000,0,-3.77825,-447.571,2.03558,0.1928
1050000,0,-4.25742,-447.745,1.10524,0.17785
1055000,0,-4.29114,-448.637,0.664901,0.207
1060000,0,-2.58299,-451.212,0.422821,0.2301
1065000,0,-3.43543,-446.928,0.0534377,0.1935
1070000,0,-3.33265,-447.407,0.826122,0.2483
1075000,0,-4.32447,-448.27,1.15358,0.192455
1080000,0,-4.32397,-447.941,0.626436,0.188867
1085000,0,-3.07469,-449.954,1.35454,0.1731
1090000,1,-2.1367,-452.117,0.205092,0.2392
1095000,0,-3.81312,-449.54,0.8831,0.18436
1100000,0,-3.38924,-447.204,1.43008,0.25
1105000,0,-3.20865,-448.866,0.561108,0.2021
1110000,0,-3.38805,-447.414,1.50974,0.2002
1115000,0,-3.99904,-447.118,0.629762,0.189933
1120000,0,-3.37444,-449.28,0.162997,0.2042
1125000,0,-3.55604,-448.431,0.593989,0.1862
1130000,0,-3.02447,-447.932,0.125292,0.1952
1135000,0,-3.37315,-447.002,0.263414,0.204737
1140000,0,-3.6962,-446.891,0.537736,0.2287
1145000,0,-3.7412,-452.149,2.56173,0.1984
1150000,2,-4.43091,-451.725,1.79211,0.2004
1155000,0,-3.0706,-448.29,0.00942086,0.214489
1160000,0,-3.58692,-448.109,0.0299579,0.22135
1165000,0,-4.15978,-450.351,0.421912,0.1887
1170000,0,-3.715,-447.558,2.75025,0.1855
1175000,0,-4.03318,-447.212,0.201573,0.214025
1180000,0,-3.50055,-447.377,0.357999,0.206267
1185000,0,-2.84403,-450.112,2.53445,0.2098
1190000,0,-3.34893,-448.765,0.278849,0.194067
1195000,0,-3.33047,-447.952,0.0564741,0.2064
1200000,0,-3.90218,-446.846,1.4524,0.2011
1205000,0,-3.82464,-446.635,0.46947,0.252455
1210000,0,-3.51628,-446.953,0.0758075,0.2058
1215000,0,-4.00795,-447.043,1.37326,0.1954
1220000,0,-2.71396,-449.491,0.356653,0.25566
1225000,3,-2.77901,-432.565,7.22324,0.48704
1230000,0,-3.40593,-447.701,1.23055,0.2108
1235000,0,-2.57838,-450.335,0.606326,0.2374
1240000,0,-3.35287,-447.644,0.731324,0.3828
1245000,0,-3.43437,-447.327,0.00582895,0.20184
1250000,6,-8.91743,-430.228,11.1331,0.5152
1255000,0,-3.82017,-447.715,2.82728,0.189133
1260000,0,-3.38457,-448.13,0.802067,0.1906
1265000,4,-6.25844,-425.16,2.64846,0.5008
1270000,5,-13.4921,-418.604,9.77077,0.5214
1275000,0,-3.0895,-448.548,0.961524,0.194
1280000,0,-2.8028,-449.115,0.956454,0.217
1285000,0,-4.30416,-449.258,0.587667,0.207
1290000,7,-4.14929,-429.959,6.6902,0.51745
1295000,4,-4.42855,-426.078,3.86418,0.4708
1300000,3,-5.81103,-429.158,3.04755,0.342229
1305000,0,-3.73133,-447.84,0.189882,0.18035
1310000,0,-3.68763,-447.638,1.97037,0.200923
1315000,3,-6.93016,-431.112,2.30845,0.4966
1320000,0,-3.26264,-449.046,0.346688,0.206133
1325000,6,-9.13861,-420.642,4.98155,0.507467
1330000,6,-9.15435,-429.406,2.90632,0.5178
1335000,0,-3.4806,-449.794,0.339577,0.202333
1340000,6,-7.55425,-428.908,6.52165,0.52164
1345000,8,-7.02256,-423.094,7.90699,0.5214
1350000,0,-3.78641,-446.877,0.369493,0.208533
1355000,4,-5.86548,-427.208,8.98166,0.5218
1360000,0,-3.41845,-447.665,0.966076,0.2151
1365000,4,-3.4423,-429.078,2.17459,0.493
1370000,4,-6.23994,-430.767,2.48077,0.508333
1375000,0,-3.67663,-447.222,0.445947,0.227333
1380000,6,-11.9724,-430.2,6.38067,0.501467
1385000,5,-5.86217,-432.765,6.10097,0.5148
1390000,6,-6.17447,-425.47,6.21413,0.51095
1395000,6,-8.30649,-427.505,8.284,0.5164
1400000,0,-3.95208,-446.918,0.146145,0.222144
1405000,5,-8.99287,-426.163,5.51367,0.50215
1410000,4,-5.74568,-426.383,2.81644,0.515333
1415000,3,-5.74077,-431.027,2.74181,0.5064
1420000,6,-10.4481,-422.619,5.28078,0.53
1425000,6,-10.978,-425.812,6.9972,0.5254
1430000,0,-3.92028,-446.983,0.363307,0.370633
1435000,0,-4.47727,-449.156,1.27574,0.1746
1440000,2,-3.58286,-444.252,1.87573,0.513333
1445000,0,-3.77011,-448.085,3.29868,0.1957
1450000,5,-6.15189,-425.394,4.91423,0.505086
1455000,7,-11.4067,-423.355,7.21572,0.5228
1460000,0,-3.40969,-447.933,1.04578,0.196
1465000,6,-6.62769,-430.173,6.06154,0.5159
1470000,5,-8.743,-430.605,3.12271,0.5252
1475000,0,-3.72314,-446.848,0.667823,0.197133
1480000,8,-3.86117,-431.473,6.97915,0.5247
1485000,0,-4.28443,-448.454,1.96931,0.205309
1490000,3,-7.82722,-429.433,1.85619,0.5218
1495000,0,-3.73106,-447.709,1.74612,0.2082
1500000,0,-3.19546,-447.689,0.723371,0.2564
1505000,5,-5.91163,-424.024,6.99798,0.494067
1510000,6,-11.3229,-427.958,5.10517,0.5138
1515000,4,-3.17731,-431.964,6.4365,0.508893
1520000,0,-4.32651,-447.692,1.28959,0.1984
1525000,5,-5.78607,-436.028,4.40333,0.5017
1530000,7,-7.21156,-433.471,6.92309,0.4732
1535000,0,-4.09726,-446.883,1.32224,0.1848
1540000,0,-3.12896,-449.304,0.0495543,0.183
1545000,3,-4.13983,-436.108,3.77878,0.5204
1550000,5,-5.07706,-434.06,5.35335,0.482
1555000,0,-3.29835,-447.756,0.0339917,0.2142
1560000,4,-4.06864,-427.625,3.3344,0.498033
1565000,2,-2.37506,-441.531,5.68314,0.4622
1570000,0,-3.6449,-448.778,0.121019,0.27095
1575000,0,-3.57281,-447.495,0.554124,0.232022
1580000,1,-6.80214,-446.597,1.05621,0.21528
1585000,0,-3.97218,-447.595,0.656524,0.2224
1590000,0,-3.53383,-446.913,1.20804,0.2334
1595000,0,-3.3561,-447.193,0.0419205,0.18232
1600000,0,-4.00486,-448.241,1.02954,0.175
1605000,0,-3.82174,-448.373,0.215654,0.2708
1610000,1,-6.83822,-443.347,0.375598,0.217657
1615000,0,-3.24513,-447.376,0.303246,0.204333
1620000,1,-2.71094,-445.368,1.09612,0.4833
1625000,0,-3.98309,-446.788,0.158971,0.221667
1630000,0,-3.38146,-448.575,0.58212,0.1772
1635000,0,-3.26498,-448.124,0.116835,0.2194
1640000,1,-2.90338,-447.676,3.65503,0.250086
1645000,0,-2.75613,-449.87,0.766251,0.3112
1650000,0,-3.71129,-446.851,0.733033,0.310333
1655000,0,-3.96934,-446.839,0.151745,0.1938
1660000,0,-3.23303,-447.569,0.771356,0.2259
1665000,0,-3.66923,-447.777,0.204264,0.225767
1670000,0,-3.68186,-447.987,1.77981,0.196
1675000,0,-3.9521,-447.277,1.58979,0.20275
1680000,0,-4.40302,-448.242,0.961999,0.1963
1685000,0,-3.70751,-447.05,1.4374,0.1914
1690000,0,-4.01284,-447.567,1.53708,0.210133
1695000,0,-3.89647,-448.638,1.82794,0.1832
1700000,0,-2.33546,-451.937,0.27651,0.225218
1705000,0,-2.79284,-449.573,0.108557,0.2858
1710000,0,-3.97636,-446.915,0.0247201,0.21152
1715000,0,-3.58902,-449.049,1.06887,0.1968
1720000,0,-4.19068,-447.319,0.348971,0.23126
1725000,0,-2.83906,-449.716,1.82387,0.2236
1730000,0,-4.10119,-448.019,0.185852,0.1812
1735000,0,-3.84846,-448.243,0.0477689,0.195375
1740000,0,-3.40551,-447.322,1.60385,0.1788
1745000,0,-4.40294,-448.086,0.927778,0.185333
1750000,0,-3.66114,-448.339,0.162229,0.1674
1755000,8,-14.1035,-425.831,8.27604,0.359057
1760000,0,-3.65554,-446.879,1.94888,0.2099
1765000,5,-4.93074,-437.541,5.13508,0.5208
1770000,0,-3.69989,-447.595,0.917673,0.1964
1775000,0,-3.39463,-447.373,0.754949,0.1904
1780000,0,-3.36781,-447.202,1.88465,0.1953
1785000,0,-3.97341,-446.909,0.845755,0.1912
1790000,0,-3.4774,-448.864,0.357252,0.197309
1795000,0,-3.7783,-446.594,0.797585,0.194333
1800000,0,-4.17544,-447.392,1.38058,0.172
1805000,5,-8.83819,-424.339,2.77402,0.510425
1810000,0,-3.09833,-448.942,1.55095,0.18792
1815000,0,-3.53912,-447.119,1.49894,0.1934
1820000,0,-3.56448,-448.717,0.579256,0.2099
1825000,4,-3.18721,-427.269,4.80956,0.49415
1830000,0,-3.70662,-448.055,0.299458,0.2132
1835000,0,-3.58629,-449.84,1.37337,0.21815
1840000,0,-3.0197,-448.244,0.0922827,0.2034
1845000,0,-3.43082,-447.453,2.30086,0.2008
1850000,4,-4.27386,-439.481,3.56581,0.25945
1855000,8,-4.07576,-421.468,6.45479,0.505633
1860000,0,-3.57835,-447.043,0.0642526,0.290067
1865000,0,-3.52956,-447.354,0.349065,0.234627
1870000,0,-4.0842,-448.191,0.653585,0.181
1875000,0,-4.09873,-448.954,2.34233,0.2038
1880000,7,-9.28738,-428.437,14.2549,0.52112
1885000,9,-15.2482,-429.28,6.67351,0.5238
1890000,5,-8.89266,-430.498,7.28332,0.5158
1895000,4,-8.3357,-429.514,7.39373,0.4718
1900000,3,-6.36032,-436.953,5.42974,0.4872
1905000,1,-2.27525,-449.467,2.51834,0.207371
1910000,1,-5.15543,-448.295,2.09722,0.4638
1915000,0,-3.88314,-446.858,0.592651,0.249846
1920000,0,-4.18368,-447.534,0.574561,0.1732
1925000,0,-4.68662,-451.209,1.07729,0.1714
1930000,0,-4.01631,-449.444,1.33892,0.1981
1935000,0,-4.03767,-446.914,0.605056,0.221283
1940000,5,-9.90957,-433.261,3.01507,0.4919
1945000,0,-3.65302,-446.905,3.16827,0.231867
1950000,3,-4.04608,-427.508,7.14493,0.4939
1955000,0,-3.3485,-447.273,0.052919,0.2066
1960000,0,-3.74485,-446.641,0.650024,0.202171
1965000,0,-3.46596,-446.923,1.31248,0.212533
1970000,0,-4.39702,-447.603,4.39974,0.216
1975000,5,-6.88151,-430.848,7.78061,0.50576
1980000,0,-3.87236,-446.645,2.32798,0.214
1985000,0,-3.61599,-446.795,0.272207,0.1906
1990000,0,-3.88575,-446.95,1.2988,0.2546
1995000,0,-3.76618,-446.85,0.0196627,0.2342
2000000,0,-2.59506,-450.116,0.690926,0.2135
2005000,0,-3.78379,-446.745,0.330327,0.22446
2010000,5,-10.3214,-433.887,6.25367,0.505114
2015000,4,-4.95357,-443.109,5.47482,0.4472
2020000,0,-4.42444,-448.084,0.917877,0.2631
2025000,0,-4.3036,-448.267,1.09257,0.1862
2030000,4,-6.66652,-431.528,11.7519,0.503667
2035000,6,-7.21982,-435.066,6.17656,0.484
2040000,0,-3.54446,-447.916,2.25786,0.192333
2045000,3,-6.9341,-429.307,1.67101,0.4807
2050000,0,-4.34403,-447.858,1.07483,0.1963
2055000,4,-3.66818,-426.202,5.73101,0.5078
2060000,10,-15.1986,-420.618,13.1867,0.5256
2065000,0,-3.2016,-448.437,2.2857,0.198233
2070000,8,-12.232,-426.884,10.0804,0.5311
2075000,0,-3.42305,-448.352,1.34368,0.198073
2080000,0,-3.56918,-448.103,0.502876,0.1991
2085000,3,-3.17909,-429.036,2.4914,0.524533
2090000,0,-3.14549,-448.537,1.99348,0.2096
2095000,0,-3.45047,-446.905,0.803743,0.2082
2100000,0,-3.74971,-446.881,0.105444,0.1948
2105000,0,-3.85665,-451.935,0.89867,0.2018
2110000,0,-3.67242,-446.793,2.78814,0.2482
2115000,0,-3.38805,-447.727,1.04284,0.2127
2120000,8,-11.726,-424.575,7.75017,0.505371
2125000,4,-2.60486,-434.172,1.94898,0.5122
2130000,6,-5.54118,-419.666,5.04469,0.4748
2135000,1,-4.76777,-442.931,1.73625,0.21516
2140000,0,-3.52615,-448.878,0.286053,0.2114
2145000,8,-10.3736,-424.346,8.7444,0.521667
2150000,0,-3.436,-450.348,0.11207,0.231
2155000,0,-4.14844,-448.475,3.3718,0.205783
2160000,11,-11.9569,-430.002,11.2541,0.5396
2165000,0,-3.81865,-450.475,0.0212032,0.206533
2170000,1,-6.75456,-453.708,1.20962,0.219886
2175000,0,-3.33293,-447.241,0.59081,0.2162
2180000,0,-4.12331,-448.678,1.26768,0.1829
2185000,3,-4.53734,-432.687,4.84203,0.5116
2190000,5,-6.4867,-446.454,4.67681,0.40024
2195000,2,-3.05487,-442.768,3.14076,0.4702
2200000,0,-4.16008,-447.68,0.121779,0.2026
2205000,0,-3.5386,-448.507,2.0156,0.229
2210000,1,-4.2348,-453.808,2.88221,0.198714
2215000,0,-4.0648,-447.785,0.234985,0.2216
2220000,0,-4.15158,-447.161,0.217285,0.184
2225000,0,-4.36488,-448.629,1.87468,0.209667
2230000,6,-6.14118,-435.718,7.01764,0.506244
2235000,0,-2.89583,-449.709,0.392741,0.266
2240000,0,-2.8538,-449.098,0.0689125,0.2218
2245000,0,-3.72404,-447.501,0.346145,0.2226
2250000,0,-3.95233,-446.856,2.2468,0.223333
2255000,0,-3.92358,-447.176,1.38416,0.199257
2260000,0,-2.98398,-449.88,1.24298,0.215733
2265000,0,-3.70044,-447.361,0.978034,0.1891
2270000,6,-10.8572,-430.541,2.48355,0.505625
2275000,0,-4.03516,-447.052,0.699971,0.20132
2280000,0,-2.64291,-450.549,0.810499,0.344
2285000,0,-3.43531,-447.436,0.0484011,0.22152
2290000,9,-7.98652,-423.204,15.2918,0.5231
2295000,2,-5.15546,-436.644,4.99129,0.3848
2300000,0,-3.32752,-447.272,0.664736,0.213371
2305000,0,-4.18466,-447.614,0.517574,0.22204
2310000,0,-3.66574,-447.294,0.206909,0.2128
2315000,4,-8.95762,-427.641,4.69116,0.53628
2320000,4,-4.00811,-424.609,4.06954,0.52704
2325000,2,-7.61262,-436.725,2.58858,0.4807
2330000,5,-5.8081,-421.32,10.3021,0.5558
2335000,0,-3.13932,-448.701,2.60648,0.21332
2340000,2,-4.84956,-444.409,2.91806,0.235
2345000,0,-3.38079,-448.728,0.832972,0.197
2350000,0,-4.12074,-447.613,1.27656,0.3197
2355000,12,-11.7344,-412.892,14.1606,0.53644
2360000,8,-6.91839,-427.923,10.2644,0.5394
2365000,0,-3.82902,-446.779,0.257477,0.2805
2370000,0,-3.83001,-447.603,0.781634,0.30685
2375000,3,-3.33414,-436.805,6.01695,0.2953
2380000,0,-4.2452,-447.428,0.356541,0.203857
2385000,0,-3.73623,-449.561,1.4494,0.189067
2390000,0,-3.9669,-448.087,1.66249,0.189
2395000,8,-8.7929,-421.04,6.65175,0.50365
2400000,5,-6.30823,-429.095,3.09149,0.5306
2405000,5,-8.89137,-428.623,3.11344,0.5026
2410000,0,-4.04858,-448.549,0.0493847,0.1895
2415000,0,-3.65919,-446.745,0.593062,0.20164
2420000,0,-4.33418,-447.714,0.611748,0.370167
2425000,0,-3.40195,-448.105,0.492693,0.1752
2430000,0,-4.05966,-447.026,1.70281,0.1966
2435000,0,-4.22768,-449.409,0.693728,0.2059
2440000,0,-4.36656,-448.514,0.0312787,0.191667
2445000,0,-3.07325,-448.393,0.281977,0.1807
2450000,0,-3.59686,-448.562,0.160096,0.2101
2455000,5,-10.1399,-434.159,7.60021,0.50722
2460000,6,-6.72647,-425.885,4.79788,0.5216
2465000,6,-7.49425,-423.915,2.00669,0.5174
2470000,5,-6.64802,-426.399,6.07248,0.533
2475000,6,-12.0174,-416.336,11.4567,0.4946
2480000,0,-3.68693,-447.096,1.42494,0.204667
2485000,1,-3.58074,-446.914,3.18825,0.1902
2490000,1,-3.98861,-449.64,2.66197,0.197633
2495000,4,-3.53489,-426.806,1.95322,0.48765
2500000,0,-4.74445,-450.084,1.99586,0.204891
2505000,0,-2.98533,-449.305,0.437811,0.196533
2510000,0,-3.6366,-447.45,0.851749,0.186
2515000,10,-14.1926,-426.041,6.59279,0.5007
2520000,6,-10.4822,-424.899,10.7598,0.5486
2525000,11,-13.7621,-423.694,12.347,0.5316
2530000,0,-3.12172,-447.937,0.442564,0.20528
2535000,0,-3.8168,-446.951,0.0803864,0.20158
2540000,2,-4.48461,-444.379,2.19239,0.194
2545000,0,-3.71483,-447.545,0.282549,0.2104
2550000,0,-2.74439,-451.185,0.5302,0.1956
2555000,0,-2.96897,-448.398,0.0695042,0.2702
2560000,0,-4.40442,-450.512,1.53299,0.2
2565000,0,-3.64384,-447.05,0.0817311,0.2388
2570000,0,-3.36328,-447.445,0.169131,0.2129
2575000,0,-3.48922,-447.961,0.114892,0.204569
2580000,4,-5.75596,-429.934,3.56352,0.512691
2585000,3,-7.75319,-446.806,3.65629,0.5184
2590000,0,-3.93797,-447.047,0.368036,0.1997
2595000,0,-3.46222,-448.097,2.60526,0.203767
2600000,0,-3.54428,-446.96,0.771742,0.2174
2605000,0,-3.24635,-448.949,1.11624,0.1847
2610000,0,-3.24728,-447.601,1.38167,0.1928
2615000,0,-3.18031,-448.504,0.807779,0.2548
2620000,0,-3.52037,-447.648,0.162775,0.2086
2625000,0,-3.66282,-448.241,0.0282393,0.189543
2630000,0,-3.55951,-451.868,0.677641,0.2148
2635000,0,-3.11175,-449.42,0.54624,0.1992
2640000,0,-4.28181,-447.886,0.225017,0.206657
2645000,0,-3.12049,-448.637,0.340549,0.196333
2650000,0,-3.47977,-447.361,0.359964,0.1964
2655000,0,-3.95153,-451.929,1.06948,0.2044
2660000,0,-3.40012,-447.274,2.018,0.19248
2665000,0,-3.09606,-448.028,0.502844,0.1973
2670000,1,-3.62116,-448.58,0.987015,0.238
2675000,0,-3.45417,-448.358,0.982327,0.1992
2680000,1,-3.93738,-445.352,3.68087,0.2592
2685000,0,-3.12793,-448.013,0.88357,0.225
2690000,0,-3.43002,-447.908,0.177028,0.2162
2695000,0,-4.08779,-453.108,1.24699,0.1996
2700000,0,-2.5498,-450.586,0.764232,0.1986
2705000,0,-3.32477,-447.976,0.399394,0.210667
2710000,0,-2.89785,-448.626,0.0908161,0.2239
2715000,1,-5.71957,-449.944,2.54154,0.215
2720000,0,-2.93491,-449.497,1.84742,0.206411
2725000,0,-3.02013,-449.151,0.198989,0.29245
2730000,0,-4.06443,-448.417,1.49175,0.2136
2735000,0,-3.59663,-446.994,1.7186,0.2152
2740000,1,-3.61942,-448.048,0.966611,0.220367
2745000,0,-3.01061,-448.349,0.520615,0.225
2750000,0,-4.01355,-448.841,0.0687019,0.218
2755000,0,-3.81878,-446.712,0.311363,0.198525
2760000,0,-3.73433,-447.084,0.880583,0.2128
2765000,0,-4.12474,-448.854,0.0805819,0.2252
2770000,2,-8.08593,-444.93,3.17783,0.2454
2775000,0,-3.60827,-446.898,0.636561,0.2091
2780000,1,-5.92792,-446.096,0.28181,0.20655
2785000,0,-4.12386,-447.298,0.735262,0.182
2790000,2,-4.60069,-439.105,2.08907,0.4763
2795000,0,-3.30801,-447.653,0.142674,0.2474
2800000,0,-4.29757,-448.2,0.373677,0.3216
2805000,0,-3.66841,-446.881,0.497672,0.2633
2810000,0,-2.66641,-451.143,0.340281,0.217913
2815000,0,-3.19559,-448.298,1.79651,0.2172
2820000,1,-8.87953,-453.237,0.62217,0.2245
2825000,0,-2.86264,-450.033,1.55152,0.2879
2830000,0,-3.74856,-447.362,1.5155,0.2417
2835000,0,-4.35042,-447.9,0.917708,0.223
2840000,0,-2.86844,-448.739,0.481566,0.21196
2845000,0,-3.80429,-446.884,0.188021,0.224253
2850000,0,-4.04422,-448.05,0.898627,0.219267
2855000,1,-5.50889,-449.153,0.363109,0.2
2860000,0,-3.35726,-447.522,2.66854,0.1921
2865000,0,-3.60551,-446.953,0.875897,0.2062
2870000,0,-4.13404,-446.735,4.57508,0.2025
2875000,0,-3.50944,-447.08,2.95437,0.216578
2880000,0,-3.39559,-450.232,0.402553,0.229733
2885000,0,-3.39172,-446.973,0.621034,0.2003
2890000,0,-3.72482,-446.933,2.08504,0.245429
2895000,0,-3.61704,-448.176,3.73771,0.2057
2900000,0,-2.92741,-448.406,0.0813042,0.2229
2905000,0,-4.7393,-450.845,0.0927971,0.194
2910000,0,-3.29924,-448.085,0.460101,0.346
2915000,1,-4.43693,-447.598,0.483836,0.28795
2920000,0,-3.17002,-447.752,1.80395,0.1968
2925000,3,-5.88881,-428.597,2.0004,0.294345
2930000,1,-3.92105,-448.275,2.40148,0.20915
2935000,5,-7.68787,-429.974,3.19749,0.5347
2940000,6,-10.657,-426.475,6.53352,0.5254
2945000,8,-9.04164,-424.81,9.62321,0.5162
2950000,0,-2.83358,-449.059,1.7319,0.19105
2955000,0,-4.0787,-447.055,0.806396,0.225143
2960000,0,-2.62668,-450.357,0.573045,0.2106
2965000,5,-7.39285,-427.915,5.98328,0.51005
2970000,3,-4.72673,-428.17,4.52483,0.506
2975000,0,-2.63102,-451.245,0.841801,0.209493
2980000,0,-3.22245,-449.405,0.092381,0.2128
2985000,0,-4.40491,-447.935,2.20237,0.197143
2990000,0,-3.82654,-447.925,0.868652,0.2034
2995000,5,-3.95805,-429.561,4.07241,0.50008
3000000,5,-11.4844,-428.463,4.92467,0.512
3005000,0,-3.28905,-448.312,0.905869,0.2224
3010000,0,-3.41872,-447.63,1.74179,0.2146
3015000,0,-4.22631,-448.592,0.19115,0.19536
3020000,1,-7.91614,-447.823,2.40574,0.213857
3025000,0,-3.24485,-447.342,0.788634,0.1981
3030000,0,-3.74025,-447.491,0.961078,0.19255
3035000,0,-4.05184,-446.7,3.15516,0.1817
3040000,0,-3.94065,-449.467,0.899461,0.1872
3045000,0,-4.4808,-448.131,2.17506,0.2748
3050000,0,-3.90243,-447.038,0.624762,0.1964
3055000,0,-3.64475,-448.41,1.54717,0.206343
3060000,0,-3.89222,-446.706,1.49179,0.197467
3065000,0,-3.44318,-447.009,0.387393,0.1884
3070000,0,-3.98406,-447.342,0.180499,0.1979
3075000,2,-5.17142,-452.757,2.61042,0.226844
3080000,1,-5.50287,-452.214,0.327591,0.180667
3085000,0,-3.49915,-448.694,0.507455,0.2084
3090000,0,-3.72497,-446.869,0.640282,0.1956
3095000,1,-4.3702,-443.897,1.06673,0.228
3100000,0,-3.17704,-447.571,0.692413,0.2308
3105000,0,-3.30557,-447.861,2.06077,0.2186
3110000,0,-3.77571,-448.367,2.44799,0.19885
3115000,1,-4.26854,-451.652,2.82143,0.251
3120000,0,-4.58374,-448.433,3.20118,0.212014
3125000,1,-4.17002,-448.001,2.54615,0.230356
3130000,1,-3.46687,-443.814,0.213831,0.222
3135000,0,-3.42153,-447.763,0.744232,0.21
3140000,0,-3.48548,-447.601,0.29089,0.201833
3145000,1,-6.06593,-443.142,1.0403,0.233
3150000,0,-3.15122,-448.14,0.118567,0.2114
3155000,0,-4.13191,-447.754,0.545284,0.18565
3160000,0,-3.97658,-446.965,0.223209,0.1944
3165000,1,-4.35113,-450.416,1.56214,0.19652
3170000,0,-3.35713,-447.673,1.18663,0.212133
3175000,0,-3.53105,-448.682,2.29446,0.2133
3180000,0,-2.97463,-448.457,0.214495,0.2302
3185000,0,-3.39163,-447.259,1.77244,0.2016
3190000,0,-3.87267,-448.921,0.473346,0.20765
3195000,0,-3.22789,-449.923,0.959188,0.2538
3200000,0,-3.79161,-446.619,1.20168,0.211636
3205000,0,-4.28054,-447.391,1.04644,0.203311
3210000,0,-3.43178,-447.352,1.45302,0.22104
3215000,0,-3.24569,-448.092,0.216266,0.233
3220000,0,-3.51152,-447.316,1.13408,0.2343
3225000,0,-3.36627,-448.106,1.64433,0.1997
3230000,3,-6.27852,-436.333,4.63339,0.393333
3235000,0,-3.08484,-448.903,0.521665,0.2237
3240000,0,-3.99859,-447.486,0.454316,0.202375
3245000,0,-3.62847,-450.859,0.575301,0.1754
3250000,4,-6.61124,-430.762,3.73733,0.50695
3255000,6,-4.16832,-421.421,6.24191,0.5256
3260000,0,-3.5793,-448.146,1.14641,0.1812
3265000,0,-3.37028,-448.483,0.3165,0.197167
3270000,0,-4.04872,-449.753,0.116504,0.21856
3275000,5,-8.96165,-430.018,3.79537,0.52555
3280000,0,-3.16021,-448.952,0.332118,0.1902
3285000,4,-5.87058,-431.983,5.73505,0.5001
3290000,0,-4.20941,-447.143,1.78234,0.18916
3295000,1,-6.14544,-442.077,1.43982,0.2452
3300000,5,-4.90268,-421.339,3.7095,0.5072
3305000,0,-4.16249,-448.571,0.895734,0.25
3310000,0,-4.34872,-448.985,3.77498,0.1764
3315000,0,-3.38228,-447.57,0.853552,0.225418
3320000,0,-3.53119,-446.761,0.183681,0.203275
3325000,0,-3.10236,-449.557,0.935756,0.185467
3330000,0,-3.25965,-447.781,1.83115,0.219
3335000,0,-3.62576,-446.975,1.01527,0.195
3340000,0,-2.48596,-451.997,0.129079,0.2218
3345000,4,-7.9459,-428.689,4.34881,0.4976
3350000,0,-3.66497,-447.556,2.16007,0.2141
3355000,0,-3.81054,-447.539,0.663494,0.211733
3360000,4,-6.0921,-435.093,4.75269,0.519267
3365000,3,-4.53004,-437.279,2.52929,0.4896
3370000,0,-3.93119,-446.952,2.2153,0.2228
3375000,6,-8.21054,-426.378,5.04367,0.5017
3380000,0,-3.52238,-446.838,0.425083,0.1847
3385000,0,-3.00638,-448.65,0.21748,0.238171
3390000,0,-3.74175,-446.792,0.321734,0.2137
3395000,0,-4.17257,-447.13,2.95761,0.2188
3400000,0,-4.26589,-448.435,0.584666,0.222369
3405000,0,-2.85603,-448.816,0.512305,0.2716
3410000,0,-3.50126,-449.938,4.55364,0.226
3415000,0,-3.3641,-449.176,0.384929,0.200867
3420000,0,-3.79131,-448.094,0.17459,0.2108
3425000,0,-3.34421,-448.143,0.485985,0.215
3430000,7,-11.6546,-421.871,6.88001,0.5142
3435000,2,-3.30552,-442.472,3.44122,0.4907
3440000,0,-3.66289,-447.834,0.723876,0.208
3445000,5,-6.7161,-423.261,9.48505,0.537
3450000,0,-4.06324,-447.086,1.07639,0.2139
3455000,5,-7.36119,-426.155,2.86349,0.5467
3460000,0,-3.19777,-448.732,1.78867,0.1937
3465000,5,-4.59963,-427.034,3.64715,0.4958
3470000,0,-3.5269,-447.522,0.305688,0.19905
3475000,4,-8.50871,-427.157,5.74798,0.5071
3480000,1,-3.5906,-450.055,0.171483,0.2078
3485000,5,-7.54059,-425.19,4.77695,0.5094
3490000,8,-11.275,-424.388,7.05136,0.5394
3495000,3,-3.00428,-430.94,4.28052,0.5162
3500000,0,-3.69015,-447.26,0.64102,0.200875
3505000,1,-3.96561,-451.869,5.01508,0.20616
3510000,2,-8.71548,-442.485,3.26612,0.50165
3515000,0,-3.62735,-447.972,0.0741018,0.2306
3520000,0,-3.65966,-446.748,1.80501,0.207267
3525000,1,-4.48469,-445.353,5.6907,0.206
3530000,0,-3.93925,-447.772,3.07692,0.1955
3535000,3,-3.5181,-429.216,6.28853,0.52132
3540000,0,-3.28157,-447.772,1.96815,0.1896
3545000,8,-18.7951,-422.227,7.12419,0.535
3550000,4,-4.9427,-430.863,3.98892,0.5178
3555000,0,-4.48183,-448.187,1.3171,0.190467
3560000,6,-7.57582,-430.17,3.92169,0.519029
3565000,7,-6.89478,-433.844,7.83056,0.5426
3570000,3,-3.4638,-432.347,4.5334,0.51816
3575000,2,-4.97211,-439.924,1.35762,0.5166
3580000,2,-6.0363,-442.184,2.99083,0.4564
3585000,0,-3.20738,-449.612,5.75326,0.233933
3590000,0,-3.54505,-446.86,0.0897486,0.1836
3595000,6,-6.82993,-421.979,5.78151,0.52748
3600000,5,-8.22757,-420.442,2.02393,0.518
3605000,4,-5.70353,-424.22,6.24465,0.50745
3610000,6,-8.67105,-418.495,7.90796,0.4832
3615000,0,-3.77646,-448.415,0.574455,0.274829
3620000,4,-3.35467,-427.877,5.34666,0.5034
3625000,0,-3.84971,-446.885,0.119371,0.201857
3630000,0,-2.96318,-448.247,0.61959,0.1898
3635000,6,-6.72783,-424.356,9.89267,0.513733
3640000,0,-3.35662,-448.562,1.32022,0.418533
3645000,4,-8.07436,-425.412,5.96511,0.5145
3650000,0,-3.55152,-447.573,1.31911,0.2143
3655000,0,-3.18345,-448.565,0.0642744,0.20284
3660000,0,-3.4401,-447.318,1.13357,0.2726
3665000,0,-3.9422,-448.096,0.576247,0.2152
3670000,0,-3.8166,-447.269,1.74217,0.248473
3675000,6,-4.16097,-438.483,3.30176,0.497733
3680000,3,-8.47612,-436.54,8.71861,0.4836
3685000,5,-7.5926,-430.228,5.15037,0.4542
3690000,6,-8.40574,-420.061,4.88316,0.48
3695000,0,-3.38869,-447.2,0.451491,0.2195
3700000,7,-6.80517,-427.434,8.81434,0.524
3705000,0,-3.75896,-448.949,1.35012,0.2277
3710000,0,-4.32113,-449.66,2.07778,0.238283
3715000,1,-5.64158,-446.821,1.36374,0.213933
3720000,0,-3.50563,-447.409,0.185806,0.469
3725000,0,-3.54121,-447.599,0.786712,0.210333
3730000,0,-3.04624,-448.01,0.345615,0.2392
3735000,0,-3.09149,-448.37,0.283978,0.2134
3740000,0,-3.65965,-446.675,0.51229,0.2077
3745000,0,-3.04153,-448.167,0.776853,0.2141
3750000,0,-3.84292,-447.029,0.222536,0.218
3755000,0,-3.78455,-447.256,0.253629,0.181
3760000,0,-3.10225,-447.893,0.649566,0.210133
3765000,1,-4.35748,-448.599,1.36782,0.217
3770000,0,-2.9195,-451.426,0.233308,0.203933
3775000,0,-3.52509,-446.753,0.41353,0.2282
3780000,0,-2.74902,-449.646,0.323052,0.21068
3785000,0,-4.27075,-447.291,1.842,0.18905
3790000,0,-2.79112,-449.006,0.02683,0.1918
3795000,0,-3.95888,-447.224,0.690414,0.1914
3800000,1,-3.09936,-447.46,0.808045,0.25145
3805000,0,-4.56213,-449.129,0.203887,0.209833
3810000,0,-3.94157,-448.264,0.929025,0.1876
3815000,0,-3.09251,-449.144,0.0273684,0.23295
3820000,0,-3.9189,-447.241,0.847105,0.19035
3825000,0,-3.52594,-447.811,0.526835,0.2206
3830000,0,-3.92804,-447.603,0.913028,0.2092
3835000,0,-3.45821,-447.747,0.882148,0.196067
3840000,0,-3.41333,-450.949,0.239195,0.2072
3845000,1,-3.60529,-444.643,2.58081,0.230267
3850000,0,-3.36066,-448.093,2.07514,0.229267
3855000,2,-2.43536,-453.226,1.44227,0.2754
3860000,0,-3.53957,-446.704,0.0660077,0.306
3865000,0,-3.2435,-448.489,1.20629,0.2036
3870000,0,-3.49131,-450.696,1.14369,0.2397
3875000,0,-2.90818,-448.73,0.0611566,0.254111
3880000,0,-2.9789,-449.538,2.75772,0.2344
3885000,0,-2.90109,-448.93,0.246962,0.2009
3890000,0,-3.59717,-447.331,1.13008,0.2409
3895000,0,-3.87951,-447.328,0.0273105,0.24258
3900000,0,-3.08527,-448.282,1.95838,0.230933
3905000,0,-3.32205,-447.632,0.13834,0.1951
3910000,1,-5.92748,-445.925,3.28601,0.2146
3915000,0,-3.32426,-447.688,2.54519,0.23296
3920000,0,-3.68132,-446.756,0.707208,0.2984
3925000,0,-3.49776,-448.441,0.223935,0.2258
3930000,0,-3.95017,-447.54,0.593925,0.1928
3935000,0,-3.04484,-449.969,1.67009,0.2374
3940000,0,-4.29789,-447.724,2.7176,0.1958
3945000,0,-3.26459,-448.801,0.302565,0.219578
3950000,1,-5.52001,-452.459,0.303274,0.1972
3955000,0,-3.23162,-447.378,0.240668,0.197267
3960000,0,-3.71433,-447.732,1.14501,0.227267
3965000,0,-3.70627,-446.831,0.386328,0.204745
3970000,0,-4.06853,-448.735,0.869349,0.1966
3975000,0,-3.31656,-447.458,1.8203,0.1921
3980000,0,-4.78948,-451.499,0.954939,0.2123
3985000,0,-3.49814,-447.507,0.889753,0.1686
3990000,1,-5.52344,-447.198,0.799968,0.2318
3995000,0,-3.78955,-447.955,0.837769,0.2164
4000000,1,-3.90373,-447.317,2.47299,0.2354
4005000,0,-4.06412,-446.989,0.486504,0.1851
4010000,0,-2.9175,-449.579,1.14372,0.2128
4015000,4,-2.25885,-441.25,6.90381,0.5026
4020000,0,-3.7735,-447.364,1.02633,0.2056
4025000,0,-3.91603,-446.862,0.00598316,0.41984
4030000,0,-3.03697,-448.809,0.850025,0.19144
4035000,0,-4.14715,-449.373,0.00652693,0.1847
4040000,0,-3.68721,-449.512,5.6375,0.24776
4045000,0,-2.97023,-448.716,0.0482783,0.2021
4050000,9,-13.6967,-435.988,15.8642,0.5067
4055000,6,-6.08638,-429.757,8.63856,0.5504
4060000,6,-4.61706,-423.581,5.09211,0.5248
4065000,8,-8.35492,-419.581,14.0527,0.5322
4070000,0,-3.72978,-446.861,3.029,0.1992
4075000,8,-13.7322,-412.304,9.49973,0.5372
4080000,1,-4.67328,-452.786,1.64442,0.20405
4085000,0,-4.25663,-447.546,2.91224,0.213046
4090000,0,-2.90502,-449.798,0.668638,0.2415
4095000,4,-4.32443,-428.764,6.77125,0.519
4100000,0,-4.53449,-448.513,1.67305,0.2013
4105000,0,-3.15072,-448.551,0.951341,0.2094
4110000,0,-4.37482,-451.399,2.10855,0.19085
4115000,0,-2.74721,-449.368,0.213561,0.2275
4120000,0,-3.48142,-448.617,0.156658,0.2448
4125000,0,-3.63449,-449.478,0.310737,0.1966
4130000,0,-3.82521,-450.422,2.24025,0.1909
4135000,0,-4.87993,-450.75,0.66985,0.1934
4140000,0,-3.80145,-447.019,0.695418,0.201091
4145000,2,-4.70712,-437.442,1.66099,0.48156
4150000,0,-4.00682,-447.817,0.0203899,0.187667
4155000,0,-3.68419,-452.363,2.30809,0.2112
4160000,0,-4.38598,-448.215,0.125607,0.1882
4165000,0,-2.6688,-450.808,1.17227,0.229
4170000,0,-3.86664,-447.464,0.869274,0.188933
4175000,0,-3.49585,-447.537,1.2073,0.1943
4180000,4,-9.06335,-434.954,3.46407,0.476371
4185000,5,-8.07338,-430.948,4.94836,0.5182
4190000,7,-5.02726,-427.52,4.57248,0.4684
4195000,7,-9.50477,-424.947,8.14667,0.5114
4200000,0,-3.84645,-447.51,0.119495,0.1844
4205000,0,-4.08417,-446.768,3.26577,0.218533
4210000,0,-3.42479,-447.687,1.2355,0.2323
4215000,0,-4.29072,-447.294,3.00135,0.1809
4220000,0,-4.50739,-448.436,1.42081,0.201545
4225000,0,-3.85735,-449.482,0.271004,0.1978
4230000,0,-3.52479,-449.58,1.58878,0.1989
4235000,6,-6.38041,-420.397,6.11562,0.504325
4240000,0,-3.39974,-448.343,0.534551,0.21035
4245000,4,-3.9611,-429.937,5.41508,0.5091
4250000,0,-3.71625,-447.13,0.739072,0.1885
4255000,0,-4.20552,-450.049,2.56272,0.1896
4260000,0,-3.25579,-448.338,1.82394,0.200714
4265000,0,-3.66673,-447.622,1.20109,0.206343
4270000,0,-3.6486,-448.864,1.4695,0.43324
4275000,0,-3.28419,-447.295,0.200882,0.2169
4280000,0,-3.77661,-446.644,1.01579,0.196067
4285000,0,-3.29944,-448.422,0.959805,0.22892
4290000,0,-2.79081,-449.068,0.26712,0.2102
4295000,0,-4.51349,-448.762,0.869908,0.217133
4300000,0,-3.62647,-448.686,1.96256,0.208167
4305000,0,-3.19056,-447.518,0.308333,0.2154
4310000,0,-3.22343,-448.063,0.274117,0.2032
4315000,0,-3.39407,-447.519,2.15667,0.21
4320000,0,-4.1106,-447.725,0.52799,0.2072
4325000,0,-3.47812,-447.887,0.0968492,0.20545
4330000,0,-3.46552,-448.806,2.65275,0.2092
4335000,0,-3.92094,-447.282,0.474562,0.189267
4340000,0,-3.87644,-446.717,0.3265,0.2246
4345000,0,-3.9048,-447.437,3.00516,0.1714
4350000,0,-3.40366,-447.659,0.608541,0.2084
4355000,0,-3.73361,-447.774,1.60274,0.200467
4360000,0,-3.5367,-447.746,0.335865,0.2234
4365000,0,-3.8471,-446.672,0.580805,0.205267
4370000,0,-3.84625,-447.218,0.0639841,0.195
4375000,0,-4.21906,-447.422,0.0101441,0.209467
4380000,0,-3.20645,-447.493,0.875131,0.223867
4385000,0,-3.71251,-452.206,0.445269,0.20794
4390000,0,-4.03492,-447.045,1.28915,0.224733
4395000,0,-3.32652,-447.367,0.639281,0.1928
4400000,0,-3.94568,-446.791,0.0191126,0.23655
4405000,0,-4.03515,-447.239,3.04244,0.193
4410000,1,-4.67519,-449.124,2.70116,0.23484
4415000,0,-3.46547,-447.091,0.00802353,0.210111
4420000,0,-3.15125,-448.986,0.442472,0.228467
4425000,0,-4.04141,-449.335,0.599949,0.219567
4430000,0,-3.42623,-446.858,0.0711699,0.197
4435000,0,-4.29819,-449.946,2.21693,0.22628
4440000,0,-3.84011,-446.62,0.956808,0.1714
4445000,0,-4.0872,-447.052,0.63881,0.195
4450000,0,-3.54669,-446.89,0.25962,0.21235
4455000,1,-3.52172,-450.981,2.16126,0.2207
4460000,1,-4.50136,-449.707,4.07826,0.202225
4465000,0,-4.0115,-447.604,0.903062,0.196
4470000,0,-4.25449,-447.486,2.38426,0.2572
4475000,0,-3.95759,-447.341,0.483823,0.1796
4480000,0,-3.67809,-449.778,0.393994,0.1826
4485000,0,-4.00103,-448.265,0.172904,0.198943
4490000,0,-3.5838,-449.431,0.563953,0.20216
4495000,0,-4.18463,-447.735,0.112725,0.1892
4500000,0,-3.96401,-447.047,0.0244958,0.196667
4505000,0,-3.49823,-447.001,1.04591,0.184
4510000,0,-3.7767,-447.601,0.55696,0.195967
4515000,0,-3.05567,-448.876,0.235122,0.203
4520000,1,-4.93657,-448.771,0.454991,0.1994
4525000,0,-3.02728,-448.643,2.61208,0.2004
4530000,0,-3.56351,-447.216,0.258616,0.2019
4535000,0,-3.58295,-446.82,0.0218284,0.2074
4540000,0,-3.19442,-448.089,1.49942,0.2009
4545000,0,-4.14938,-448.103,2.21549,0.209582
4550000,0,-3.49615,-448.515,0.243074,0.1924
4555000,0,-2.42867,-453.526,1.41914,0.2274
4560000,0,-4.16429,-447.191,0.542487,0.208225
4565000,1,-3.44157,-453.292,6.07916,0.210733
4570000,1,-3.47114,-452.847,1.96788,0.2551
4575000,0,-3.31796,-447.759,1.11267,0.206375
4580000,0,-3.81364,-447.567,1.85711,0.2024
4585000,0,-4.20076,-447.89,5.02884,0.234133
4590000,0,-3.54668,-447.714,1.72054,0.223743
4595000,0,-3.88381,-446.714,0.0214415,0.2173
4600000,0,-4.11904,-447.5,2.43558,0.26815
4605000,0,-3.26591,-448.117,3.2002,0.211
4610000,0,-3.74489,-449.703,1.15064,0.231356
4615000,0,-4.18962,-447.766,0.959052,0.1794
4620000,0,-3.44644,-447.616,0.724702,0.1862
4625000,0,-3.2472,-450.255,0.424937,0.198
4630000,0,-3.60357,-447.403,0.380783,0.1848
4635000,0,-3.95046,-446.807,0.814903,0.2106
4640000,0,-3.54959,-447.716,0.0712306,0.206625
4645000,0,-3.65584,-452.458,0.461005,0.208867
4650000,0,-2.9913,-448.641,0.0751048,0.22505
4655000,1,-7.59445,-447.837,0.293809,0.2388
4660000,0,-3.94071,-446.742,3.12794,0.1878
4665000,0,-3.68754,-446.776,1.66736,0.1905
4670000,0,-3.48536,-447.055,0.511007,0.201
4675000,0,-3.49158,-447.015,0.555765,0.1816
4680000,0,-3.20468,-447.476,0.0809892,0.2196
4685000,0,-3.57718,-447.836,0.66037,0.1758
4690000,0,-3.31723,-449.442,0.116972,0.2332
4695000,0,-3.86896,-450.481,4.19903,0.223667
4700000,0,-3.68398,-446.632,1.06929,0.2166
4705000,0,-2.72747,-449.548,0.82734,0.2282
4710000,1,-3.83467,-446.424,1.52847,0.21052
4715000,0,-3.10492,-449.429,1.57469,0.22224
4720000,1,-3.61738,-447.208,2.98463,0.241145
4725000,0,-3.60754,-447.518,0.147921,0.274667
4730000,0,-3.94407,-447.417,0.0119236,0.2204
4735000,0,-3.61108,-446.766,0.812663,0.224933
4740000,0,-2.6788,-449.978,0.156888,0.2376
4745000,0,-3.50718,-447.955,1.26142,0.2005
4750000,0,-3.74084,-447.371,1.76208,0.177
4755000,0,-2.99612,-452.992,1.69714,0.20708
4760000,1,-5.78492,-446.928,0.919532,0.2046
4765000,0,-3.14802,-448.39,0.0836016,0.213933
4770000,0,-3.2828,-448.081,1.51277,0.198514
4775000,0,-3.57798,-447.083,0.860749,0.2053
4780000,0,-3.55586,-447.513,0.083566,0.22695
4785000,0,-3.53258,-446.8,0.317209,0.207
4790000,0,-3.49393,-446.809,0.148146,0.204533
4795000,0,-4.03301,-447.702,0.66298,0.209067
4800000,0,-3.29374,-449.232,0.757039,0.2366
4805000,0,-3.87183,-446.985,0.413356,0.22845
4810000,0,-4.1036,-448.853,1.28476,0.199
4815000,0,-3.93195,-447.053,0.594496,0.1985
4820000,0,-3.49492,-447.607,2.12894,0.208
4825000,1,-3.31932,-443.958,2.24697,0.196733
4830000,0,-3.05593,-447.974,0.693048,0.233175
4835000,0,-3.40355,-448.769,2.17465,0.1898
4840000,0,-4.45126,-450.053,0.0654985,0.2226
4845000,0,-4.23054,-447.185,1.90908,0.216424
4850000,0,-3.65069,-447.683,0.0398081,0.2162
4855000,0,-3.71696,-450.683,1.09516,0.178
4860000,0,-3.4999,-448.874,0.0010959,0.19625
4865000,0,-3.79654,-447.718,0.217581,0.199267
4870000,0,-3.13681,-447.824,1.72649,0.1834
4875000,0,-3.18677,-449.172,0.0273393,0.2502
4880000,0,-3.4583,-447.008,0.713384,0.257467
4885000,0,-2.64412,-450.703,0.416189,0.224933
4890000,0,-3.7265,-447.589,0.0405932,0.233325
4895000,1,-4.14425,-446.595,0.802537,0.197
4900000,0,-4.11803,-448.551,3.23012,0.1816
4905000,0,-3.13002,-447.798,0.349589,0.2432
4910000,0,-3.27116,-448.316,0.614424,0.240257
4915000,0,-3.41779,-447.817,0.546185,0.243029
4920000,0,-2.979,-450.033,0.00993536,0.2952
4925000,0,-4.36962,-447.921,2.71252,0.2232
4930000,0,-3.47061,-446.935,0.262229,0.218822
4935000,0,-3.88417,-446.692,0.645785,0.2051
4940000,1,-4.54536,-446.482,4.29026,0.2238
4945000,0,-4.04376,-447.693,0.566077,0.1962
4950000,0,-4.14862,-451.254,1.73921,0.223867
4955000,0,-3.23999,-448.003,1.81737,0.2562
4960000,0,-4.38844,-448.409,6.67031,0.1964
4965000,0,-4.12714,-447.036,1.55354,0.235
4970000,1,-3.16413,-448.639,1.13062,0.2369
4975000,0,-4.30713,-448.03,0.47316,0.218
4980000,1,-2.97291,-445.479,5.69463,0.3206
4985000,0,-4.42831,-448.046,1.02489,0.235345
4990000,0,-3.99247,-447.371,0.020877,0.1954
4995000,0,-4.38457,-447.867,1.59657,0.243067
5000000,0,-3.40361,-449.518,0.958304,0.2023
5005000,0,-3.10324,-447.957,0.157331,0.209
5010000,0,-3.93958,-446.81,0.083806,0.221333
5015000,0,-3.92616,-447.362,0.0573783,0.20478
5020000,0,-3.15629,-447.94,0.113388,0.2091
5025000,4,-9.13999,-452.081,4.41942,0.206055
5030000,0,-3.40591,-447.267,0.71938,0.2078
5035000,6,-8.41395,-429.269,3.49351,0.4821
5040000,3,-3.12345,-430.107,3.32644,0.5096
5045000,0,-3.56832,-447.521,0.386216,0.216867
5050000,7,-10.4477,-426.112,7.93113,0.4872
5055000,0,-3.82246,-447.938,1.50954,0.20504
5060000,8,-8.7552,-419.532,6.60086,0.5
5065000,0,-3.57269,-446.893,1.56831,0.23294
5070000,0,-2.53846,-450.305,0.468513,0.211267
5075000,6,-7.734,-424.808,8.76441,0.510467
5080000,4,-6.45524,-426.463,2.30156,0.5056
5085000,0,-2.83115,-450.117,1.65315,0.342867
5090000,0,-2.74251,-450.249,1.43481,0.3836
5095000,8,-5.31015,-417.549,9.82847,0.540267
5100000,6,-8.18708,-420.866,7.79559,0.5158
5105000,0,-3.4202,-447.6,0.103376,0.209067
5110000,7,-12.8556,-431.436,13.7651,0.5206
5115000,3,-6.33276,-429.699,5.15303,0.362971
5120000,5,-4.72842,-431.64,6.07326,0.5086
5125000,0,-3.13729,-449.157,0.333971,0.212517
5130000,0,-3.95336,-448.453,0.503823,0.1742
5135000,5,-5.60889,-430.574,7.85761,0.5112
5140000,9,-9.73446,-425.008,22.6253,0.540167
5145000,3,-3.79682,-435.46,1.14284,0.5436
5150000,3,-7.70804,-431.05,2.0709,0.525533
5155000,5,-6.15475,-433.593,5.14377,0.5144
5160000,4,-3.31561,-431.808,3.38307,0.514533
5165000,3,-6.32195,-439.507,4.29678,0.5407
5170000,2,-4.11051,-443.124,4.36485,0.227675
5175000,0,-3.60493,-447.239,2.86503,0.2598
5180000,0,-2.68437,-449.611,0.0306843,0.209947
5185000,6,-8.90869,-429.071,7.00714,0.47544
5190000,8,-10.9742,-426.246,5.89107,0.53196
5195000,4,-3.98913,-435.437,5.25912,0.4903
5200000,0,-2.71214,-451.732,0.955387,0.22105
5205000,4,-10.2894,-428.921,4.833,0.507667
5210000,0,-3.07807,-448.604,0.60706,0.207829
5215000,0,-3.62057,-448.435,1.17642,0.220933
5220000,4,-2.73922,-431.05,3.87786,0.48672
5225000,0,-2.99818,-449.413,0.813735,0.2041
5230000,3,-7.41044,-448.718,5.21339,0.3686
5235000,0,-4.00162,-448.05,0.826491,0.2414
5240000,2,-4.54858,-437.671,4.12103,0.4896
5245000,0,-3.48802,-449.216,1.06941,0.1822
5250000,0,-3.97462,-447.11,2.16833,0.377533
5255000,0,-4.27167,-447.754,1.14939,0.22312
5260000,0,-3.53489,-449.755,4.55162,0.1902
5265000,0,-3.2856,-448.414,0.55049,0.1942
5270000,0,-3.31496,-448.432,0.400192,0.2442
5275000,0,-4.11056,-447.372,0.676675,0.195433
5280000,0,-3.41645,-448.584,0.0688176,0.18435
5285000,0,-4.3952,-447.907,2.217,0.190267
5290000,5,-4.38135,-437.299,6.00808,0.51114
5295000,0,-3.02286,-448.13,0.110857,0.193067
5300000,6,-5.03135,-424.617,11.3267,0.5165
5305000,4,-5.61232,-426.971,3.56613,0.5062
5310000,0,-4.13945,-448.613,0.0254561,0.213057
5315000,0,-3.24253,-447.262,0.0723655,0.1858
5320000,2,-1.29663,-438.942,3.06052,0.320771
5325000,2,-2.9387,-444.325,0.65466,0.4908
5330000,0,-3.31753,-449.569,0.790915,0.210686
5335000,0,-3.00898,-449.289,0.366365,0.2567
5340000,0,-4.07719,-451.212,0.211351,0.2187
5345000,0,-3.38784,-447.292,1.96052,0.2596
5350000,0,-3.9626,-448.261,0.136331,0.206257
5355000,0,-3.26555,-448.297,3.45438,0.212
5360000,0,-3.07792,-448.414,0.673414,0.2028
5365000,0,-3.96654,-449.435,0.0833404,0.2275
5370000,0,-3.69179,-447.476,1.04249,0.1994
5375000,0,-3.36533,-448.541,0.667324,0.205733
5380000,0,-3.91437,-447.606,1.25052,0.207457
5385000,0,-3.87807,-447.92,0.0358229,0.19462
5390000,0,-3.88136,-447.07,1.18443,0.196
5395000,0,-3.73718,-446.692,0.497742,0.19428
5400000,0,-4.61295,-450.801,0.248335,0.19328
5405000,0,-3.57433,-447.386,1.22632,0.193
5410000,0,-3.73481,-446.722,0.191683,0.1902
5415000,0,-3.84991,-447.517,0.413984,0.269667
5420000,0,-3.49266,-447.726,1.1494,0.194167
5425000,0,-4.04804,-448.187,1.48403,0.1964
5430000,0,-3.17622,-451.242,0.274101,0.1863
5435000,0,-4.05162,-448.425,0.0489039,0.1824
5440000,0,-4.01311,-447.4,0.0391636,0.2129
5445000,0,-4.34345,-449.596,0.261695,0.2158
5450000,0,-3.68139,-447.911,1.24242,0.205369
5455000,0,-3.18806,-450.263,0.469766,0.1946
5460000,1,-5.03652,-449.728,0.658226,0.2208
5465000,0,-4.12956,-447.37,1.48771,0.2063
5470000,0,-4.12088,-447.446,0.642061,0.2211
5475000,1,-2.33903,-450.897,2.06427,0.1966
5480000,0,-3.63158,-448.255,0.686087,0.2308
5485000,0,-3.53778,-447.01,2.09744,0.1914
5490000,0,-3.36004,-447.653,0.785539,0.222
5495000,0,-3.57089,-448.962,1.5888,0.2176
5500000,0,-3.967,-446.732,0.536862,0.212286
5505000,0,-3.35819,-449.028,0.397879,0.211686
5510000,0,-3.38089,-447.102,0.447776,0.1946
5515000,0,-3.27575,-447.753,0.15098,0.196533
5520000,3,-7.00477,-449.694,6.50867,0.3194
5525000,0,-3.72618,-447.003,1.67674,0.2126
5530000,0,-3.74094,-451.253,0.0254006,0.1939
5535000,1,-2.49695,-448.738,0.822743,0.2327
5540000,0,-4.01462,-447.531,3.02568,0.235933
5545000,0,-3.70153,-447.576,0.165047,0.20796
5550000,1,-3.68019,-449.233,1.18224,0.207
5555000,0,-4.01995,-447.285,1.40168,0.21775
5560000,0,-3.77313,-447.108,1.61205,0.1848
5565000,0,-3.65537,-447.774,0.0572049,0.2418
5570000,0,-4.06417,-447.117,0.75809,0.2005
5575000,0,-3.95429,-448.839,0.170725,0.2065
5580000,0,-4.32894,-447.794,0.739674,0.29796
5585000,0,-4.26884,-447.771,0.524677,0.20652
5590000,0,-3.08425,-448.576,0.282668,0.1912
5595000,0,-3.53368,-446.869,0.40283,0.215467
5600000,0,-2.85513,-450.081,3.9817,0.22228
5605000,0,-3.30049,-447.517,1.80625,0.2546
5610000,0,-4.02221,-447.44,1.70824,0.21065
5615000,0,-3.5214,-447.129,0.642042,0.19705
5620000,0,-3.99184,-446.87,3.33509,0.212867
5625000,0,-3.02851,-449.432,1.31072,0.2018
5630000,0,-3.83567,-447.821,1.07112,0.2161
5635000,0,-3.16702,-449.172,0.980263,0.2054
5640000,0,-3.10964,-449.121,2.27628,0.2132
5645000,0,-3.78652,-447.441,0.609419,0.198
5650000,0,-3.19439,-448.986,0.395292,0.222
5655000,0,-3.27741,-450.367,0.274067,0.2362
5660000,0,-3.54136,-448.18,3.00064,0.206889
5665000,0,-3.33969,-448.76,0.863619,0.2962
5670000,0,-3.63741,-451.098,0.000157146,0.296733
5675000,0,-3.63917,-446.708,0.366239,0.21942
5680000,0,-3.97897,-447.358,0.0124128,0.224867
5685000,0,-3.13016,-448.117,0.45986,0.2157
5690000,0,-3.57974,-448.026,2.42161,0.284825
5695000,0,-4.03296,-447.349,1.21014,0.20432
5700000,0,-3.58735,-447.271,0.212428,0.21735
5705000,0,-3.68999,-447.07,4.62549,0.2247
5710000,0,-3.09905,-448.109,0.359966,0.2307
5715000,0,-2.69267,-449.69,0.0216444,0.2412
5720000,1,-4.46084,-443.358,3.97217,0.239286
5725000,0,-2.84274,-450.325,1.01377,0.223686
5730000,3,-7.61685,-447.602,4.0294,0.3596
5735000,0,-3.43294,-449.439,0.58508,0.2806
5740000,0,-3.73445,-446.637,1.43902,0.2215
5745000,0,-3.31786,-449.167,0.236867,0.2264
5750000,0,-3.75276,-448.111,0.0719412,0.199733
5755000,0,-3.38723,-447.755,0.323735,0.21046
5760000,0,-3.34807,-447.584,0.37984,0.2248
5765000,0,-3.14749,-448.745,2.70522,0.23518
5770000,0,-3.90172,-449.93,0.920478,0.21952
5775000,0,-2.95694,-448.968,0.803109,0.180733
5780000,0,-3.90136,-447.152,0.485736,0.1815
5785000,0,-5.02204,-451.522,0.756424,0.1876
5790000,0,-4.10852,-447.7,2.97081,0.20908
5795000,0,-3.08273,-449.298,1.8908,0.212578
5800000,0,-3.97744,-446.76,0.792558,0.2074
5805000,0,-2.5149,-456.893,2.60167,0.21552
5810000,0,-3.00274,-448.698,0.0660416,0.2133
5815000,0,-3.79738,-447.515,1.0089,0.2076
5820000,0,-3.64839,-447.674,0.738932,0.21544
5825000,0,-4.01265,-447.39,2.10024,0.213971
5830000,2,-3.24796,-437.246,2.55633,0.3964
5835000,0,-2.93916,-448.494,0.0147127,0.3558
5840000,0,-3.56443,-448.349,1.18573,0.22276
5845000,0,-4.14147,-447.372,0.384108,0.21804
5850000,2,-4.36563,-445.145,3.07348,0.44
5855000,0,-3.3834,-448.644,0.597205,0.2572
5860000,0,-2.86321,-449.017,1.89435,0.2176
5865000,0,-3.12373,-448.058,0.078108,0.236
5870000,0,-3.61455,-446.64,0.196139,0.22808
5875000,4,-5.12087,-430.325,6.35038,0.49888
5880000,0,-3.77146,-447.952,0.759437,0.1964
5885000,3,-9.1971,-430.946,2.09369,0.4883
5890000,0,-3.68883,-446.879,0.415184,0.20165
5895000,4,-4.48898,-429.67,7.32805,0.489
5900000,7,-9.24298,-421.188,6.25855,0.522
5905000,0,-2.97862,-450.133,1.91388,0.189467
5910000,0,-3.08458,-447.98,0.398254,0.2156
5915000,0,-2.78303,-449.587,1.66966,0.192
5920000,7,-11.3949,-422.004,5.43188,0.53165
5925000,0,-4.09965,-447.334,0.103916,0.186
5930000,0,-3.59201,-447.259,0.545049,0.21306
5935000,0,-3.8114,-447.621,1.66266,0.18255
5940000,6,-4.69208,-428.448,5.37665,0.5018
5945000,0,-4.21859,-447.402,0.149489,0.195267
5950000,7,-7.33187,-419.825,4.979,0.5323
5955000,8,-4.6129,-432.277,9.06899,0.5364
5960000,0,-3.40942,-447.011,0.12306,0.202267
5965000,4,-5.19825,-430.083,6.0853,0.5332
5970000,5,-7.55482,-427.197,5.29136,0.5034
5975000,0,-3.52547,-448.372,1.63312,0.232533
5980000,5,-8.05468,-424.899,8.75336,0.5143
5985000,0,-3.45679,-447.409,0.242698,0.1994
5990000,5,-4.04353,-437.925,3.71681,0.4716
5995000,2,-3.66456,-445.18,4.27397,0.499
6000000,3,-4.18522,-428.004,4.69016,0.53405
6005000,3,-2.01724,-434.895,0.344314,0.5063
6010000,0,-4.22082,-448.628,0.0167959,0.21072
6015000,4,-5.95942,-436.897,4.38995,0.4855
6020000,5,-10.7578,-419.131,4.63211,0.50955
6025000,7,-11.0493,-416.776,12.0507,0.4969
6030000,6,-9.90448,-425.215,5.95835,0.5154
6035000,8,-9.27628,-429.35,6.28487,0.5312
6040000,0,-4.44523,-449.905,1.13874,0.205846
6045000,0,-4.5117,-448.688,0.909093,0.215971
6050000,0,-4.33147,-447.973,2.19386,0.1746
6055000,0,-3.49644,-447.692,0.213981,0.189933
6060000,8,-8.14897,-429.94,8.84312,0.51956
6065000,4,-5.67269,-425.519,7.63758,0.5384
6070000,3,-9.4652,-427.982,1.8582,0.4892
6075000,0,-3.3564,-447.043,0.191675,0.20396
6080000,0,-3.4517,-448.801,1.33775,0.21032
6085000,8,-7.22528,-432.039,5.39624,0.526877
6090000,0,-3.55183,-447.021,0.587658,0.191067
6095000,0,-3.1747,-448.775,2.55299,0.215533
6100000,0,-3.23291,-447.499,0.233841,0.2216
6105000,0,-3.8807,-448.562,1.63614,0.1888
6110000,4,-7.25192,-427.585,1.53593,0.48516
6115000,3,-5.15301,-435.062,1.48348,0.4792
6120000,0,-2.91346,-451.25,0.58823,0.3378
6125000,0,-3.66959,-447.131,0.667996,0.19
6130000,0,-3.66728,-447.915,0.360682,0.1832
6135000,5,-5.24759,-428.122,15.6519,0.499169
6140000,0,-3.43552,-449.818,0.0317222,0.209
6145000,4,-5.89513,-422.976,9.49824,0.5091
6150000,0,-3.3241,-450.059,1.33219,0.21638
6155000,3,-3.65227,-432.299,4.93765,0.5062
6160000,0,-2.97821,-448.643,1.94004,0.20525
6165000,1,-3.40252,-445.005,1.59738,0.210467
6170000,5,-8.85719,-432.847,4.94484,0.4888
6175000,0,-4.12797,-446.984,2.42248,0.2638
6180000,5,-6.70661,-420.503,8.91858,0.5003
6185000,9,-16.2391,-423.431,14.0045,0.5164
6190000,7,-10.1857,-423.499,7.05631,0.5072
6195000,0,-4.66063,-449.323,0.279498,0.1986
6200000,0,-3.70357,-446.837,0.0426182,0.1902
6205000,0,-3.52384,-446.949,2.01001,0.1908
6210000,0,-3.17874,-448.533,0.195169,0.23421
6215000,0,-3.97573,-448.524,0.777421,0.2061
6220000,5,-13.4478,-432.595,3.87249,0.507867
6225000,0,-4.1376,-448.823,0.176962,0.195
6230000,0,-4.50458,-448.208,3.37851,0.1926
6235000,0,-3.70155,-447.517,0.760475,0.1842
6240000,0,-3.39457,-447.882,0.964984,0.200062
6245000,0,-3.53697,-447.984,2.01727,0.27635
6250000,0,-3.33263,-449.606,1.50729,0.2144
6255000,0,-4.12914,-447.059,0.505189,0.1978
6260000,0,-3.58007,-447.628,1.06192,0.2136
6265000,0,-3.42518,-447.199,0.054912,0.2388
6270000,0,-4.21767,-447.966,1.06981,0.205533
6275000,0,-3.6894,-447.509,0.363651,0.185
6280000,0,-4.43739,-448.505,0.160567,0.184533
6285000,4,-7.55571,-429.563,2.43232,0.489323
6290000,0,-3.26033,-448.433,0.517835,0.202333
6295000,4,-4.82982,-429.624,3.66327,0.4874
6300000,0,-3.53574,-449.642,0.0618911,0.200046
6305000,3,-3.85691,-435.496,1.24895,0.5022
6310000,0,-3.79506,-446.785,0.199762,0.1808
6315000,2,-5.08085,-450.526,2.57137,0.482
6320000,0,-4.07685,-448.718,0.682924,0.2186
6325000,0,-3.2617,-448.404,0.0503672,0.1932
6330000,0,-2.96283,-448.397,0.166781,0.2456
6335000,0,-4.36401,-448.891,0.218854,0.1986
6340000,0,-4.08446,-447.095,1.58719,0.2098
6345000,0,-4.01042,-446.873,0.170468,0.197257
6350000,0,-4.22439,-448.274,0.817016,0.2032
6355000,0,-3.66496,-446.626,0.0741203,0.1997
6360000,0,-3.97057,-447.181,0.952272,0.1832
6365000,0,-3.11142,-449.663,0.218224,0.242714
6370000,0,-4.1882,-447.29,0.757843,0.204933
6375000,0,-3.93425,-447.129,1.42102,0.1954
6380000,0,-3.32107,-449.029,0.215439,0.1885
6385000,0,-3.35604,-448.276,1.20446,0.1986
6390000,0,-3.39673,-447.306,0.0524052,0.1844
6395000,0,-4.22983,-447.273,1.43983,0.20575
6400000,0,-3.50748,-447.158,1.03913,0.204914
6405000,0,-4.09161,-448.859,1.10689,0.1997
6410000,2,-2.90385,-450.242,2.53583,0.23125
6415000,0,-3.01892,-449.427,0.110981,0.2792
6420000,0,-3.02801,-448.135,0.787542,0.195933
6425000,0,-3.5938,-447.222,0.359232,0.21892
6430000,0,-2.92796,-449.13,2.11714,0.198667
6435000,0,-2.74119,-449.621,1.45073,0.232733
6440000,0,-3.93812,-448.051,0.291072,0.195611
6445000,0,-3.44968,-447.095,1.3608,0.184
6450000,0,-4.24773,-447.459,0.750374,0.21155
6455000,0,-3.92416,-446.919,0.527089,0.1934
6460000,0,-4.52052,-450.025,1.18908,0.2096
6465000,0,-3.71486,-446.798,1.40878,0.188
6470000,0,-3.76985,-446.788,0.136904,0.192
6475000,0,-3.44812,-447.863,0.397999,0.196625
6480000,0,-3.67308,-447.072,0.707997,0.2111
6485000,0,-3.77968,-447.13,0.452742,0.1774
6490000,0,-3.19898,-448.918,0.771034,0.203133
6495000,0,-3.23046,-449.318,1.47155,0.1832
6500000,1,-5.33529,-451.115,2.49646,0.2086
6505000,0,-3.26005,-448.364,1.71571,0.205575
6510000,0,-3.42548,-447.986,0.0923517,0.1941
6515000,0,-3.67589,-447.299,0.180131,0.1874
6520000,0,-3.57844,-447.091,1.13413,0.198633
6525000,0,-3.52421,-453.658,2.45113,0.194667
6530000,2,-3.95966,-434.748,2.99705,0.3894
6535000,0,-3.27413,-447.875,2.58514,0.236133
6540000,0,-3.66059,-447.212,1.1247,0.19504
6545000,3,-3.68642,-438.459,4.65403,0.4922
6550000,0,-3.86121,-449.163,0.247265,0.1732
6555000,0,-3.57289,-447.007,0.361553,0.200818
6560000,0,-3.8483,-450.916,1.50639,0.2003
6565000,0,-4.0691,-448.213,1.36787,0.2141
6570000,0,-3.90668,-446.654,0.87116,0.193629
6575000,0,-4.50221,-448.863,0.42061,0.292467
6580000,0,-3.6883,-447.177,1.25502,0.193
6585000,0,-4.3273,-448.828,1.58116,0.1722
6590000,0,-3.68525,-448.431,1.43206,0.205067
6595000,0,-3.8212,-449.704,0.0457266,0.254
6600000,0,-4.81586,-453.915,0.330558,0.1796
6605000,0,-3.57527,-447.188,0.771959,0.1944
6610000,0,-3.68619,-449.111,0.844074,0.204711
6615000,0,-3.54793,-446.893,0.425222,0.2022
6620000,0,-3.65124,-446.694,1.56404,0.215571
6625000,1,-2.64784,-444.331,1.56491,0.27818
6630000,0,-3.47579,-447.946,2.05003,0.213
6635000,1,-4.43251,-446.998,0.431901,0.2098
6640000,0,-3.98501,-448.094,2.46145,0.475867
6645000,1,-2.71951,-449.219,0.877798,0.2196
6650000,0,-3.56992,-446.756,0.324461,0.1981
6655000,0,-3.55517,-447.188,0.11246,0.20605
6660000,0,-4.31657,-447.995,1.22214,0.203036
6665000,0,-3.7301,-447.865,0.246277,0.1936
6670000,0,-3.95904,-447.07,1.25687,0.18585
6675000,0,-3.8655,-446.743,0.640386,0.217133
6680000,0,-4.04096,-448.107,0.336827,0.204914
6685000,0,-3.93118,-447.853,0.394455,0.174467
6690000,0,-4.03663,-446.953,0.57835,0.21384
6695000,0,-4.57973,-453.238,0.710179,0.1812
6700000,0,-4.15909,-449.151,0.899383,0.193
6705000,0,-4.1084,-447.036,0.0547398,0.1716
6710000,0,-3.9498,-447.835,0.0923429,0.1948
6715000,0,-3.67406,-447.706,0.210084,0.198
6720000,4,-9.18095,-433.767,1.98688,0.429225
6725000,0,-3.5902,-447.411,1.474,0.20045
6730000,0,-3.83223,-448.613,0.507031,0.187533
6735000,0,-3.55242,-447.679,3.78843,0.1996
6740000,4,-4.93945,-430.992,2.86823,0.5173
6745000,0,-4.06333,-447.773,0.753909,0.197533
6750000,1,-2.82496,-443.841,0.403073,0.266133
6755000,0,-2.66476,-449.695,0.232604,0.1967
6760000,0,-3.99288,-447.564,4.00812,0.228827
6765000,0,-4.39521,-448.058,0.558819,0.2084
6770000,0,-3.36827,-450.566,0.227887,0.240533
6775000,0,-3.7451,-447.216,0.129311,0.34428
6780000,8,-8.23483,-416.095,7.98367,0.513
6785000,0,-3.80913,-446.817,0.338,0.2517
6790000,1,-4.50943,-446.482,2.46611,0.22235
6795000,0,-3.10784,-447.756,0.565565,0.2102
6800000,0,-4.01367,-447.516,3.99414,0.21168
6805000,0,-3.60453,-446.742,0.92984,0.229133
6810000,0,-4.0158,-447.052,1.84267,0.418233
6815000,0,-3.4067,-447.032,0.951187,0.21
6820000,0,-4.21928,-448.522,1.42807,0.2036
6825000,0,-4.16304,-447.163,1.98301,0.2162
6830000,0,-3.21061,-447.387,0.0778568,0.225914
6835000,0,-2.80645,-449.797,0.70247,0.2566
6840000,0,-3.41591,-447.862,0.0634131,0.189467
6845000,2,-6.7653,-443.465,1.72209,0.23968
6850000,0,-3.95129,-447.14,0.1986,0.2662
6855000,0,-2.88482,-449.494,4.13682,0.2034
6860000,0,-3.35772,-448.082,0.409924,0.33395
6865000,0,-3.34112,-447.505,0.974269,0.416533
6870000,0,-4.55429,-448.67,1.40287,0.221
6875000,0,-3.3738,-447.412,0.530134,0.254133
6880000,0,-2.91857,-449.447,1.78856,0.26632
6885000,0,-2.4496,-454.611,1.09135,0.2336
6890000,1,-3.17816,-444.309,0.687946,0.236667
6895000,1,-4.5113,-449.535,0.195857,0.19944
6900000,1,-5.99892,-446.552,3.20868,0.2174
6905000,0,-4.13742,-447.263,0.362795,0.2901
6910000,0,-4.40241,-452.093,3.01052,0.2081
6915000,0,-2.99775,-448.582,1.14634,0.2124
6920000,0,-3.77613,-447.694,1.33635,0.211927
6925000,0,-2.93277,-448.932,0.458148,0.1995
6930000,0,-3.861,-447.614,0.473724,0.248311
6935000,0,-3.3479,-449.215,0.722761,0.2818
6940000,0,-3.67504,-447.097,1.17717,0.2621
6945000,0,-3.54382,-452.278,0.762188,0.26356
6950000,0,-2.72913,-450.268,0.479076,0.240933
6955000,0,-4.05705,-449.038,1.17936,0.1857
6960000,0,-3.72853,-446.987,3.8716,0.2646
6965000,0,-3.20019,-448.038,0.0323475,0.2058
6970000,0,-4.06364,-451.235,0.231046,0.186467
6975000,0,-4.35385,-447.839,0.899918,0.179
6980000,0,-4.21489,-448.03,0.13207,0.2405
6985000,0,-3.96973,-446.897,0.0779511,0.1956
6990000,0,-3.26682,-447.398,0.177938,0.218107
6995000,0,-4.40626,-448.065,0.189489,0.1915
7000000,0,-4.19714,-449.251,0.524624,0.1882
7005000,0,-3.96315,-447.508,0.0324845,0.219075
7010000,0,-3.78957,-446.803,0.2616,0.2054
7015000,0,-3.62588,-448.666,0.0190962,0.181
7020000,0,-3.85431,-446.709,1.14737,0.1862
7025000,0,-3.97364,-449.13,0.0120792,0.1906
7030000,0,-3.46918,-447.34,0.161221,0.2782
7035000,0,-3.9459,-447.418,0.199818,0.2312
7040000,0,-4.12552,-448.244,0.74531,0.198
7045000,0,-3.90391,-447.171,0.286095,0.1744
7050000,0,-3.77899,-446.836,0.257182,0.184133
7055000,0,-3.39505,-447.342,0.0557573,0.206782
7060000,0,-3.33681,-448.015,2.47729,0.203867
7065000,1,-2.886,-444.605,5.02173,0.4895
7070000,0,-2.43911,-451.252,1.5206,0.244533
7075000,0,-2.97377,-448.753,1.47929,0.2332
7080000,1,-7.16988,-448.25,0.620357,0.2409
7085000,0,-3.58965,-447.187,0.586797,0.207
7090000,0,-3.94917,-446.684,1.43961,0.21465
7095000,0,-4.2335,-448.257,0.0434867,0.1964
7100000,0,-3.77812,-446.761,0.433184,0.249
7105000,0,-3.2179,-447.466,0.814929,0.1924
7110000,0,-3.2956,-447.417,0.0726808,0.208867
7115000,0,-3.81027,-447.718,1.23243,0.2232
7120000,0,-3.19066,-447.974,0.394971,0.2004
7125000,0,-3.59116,-447.333,0.429641,0.2195
7130000,0,-3.4394,-448.035,0.473465,0.21476
7135000,0,-4.01098,-446.85,1.34214,0.216883
7140000,1,-2.98852,-448.833,1.77582,0.2202
7145000,0,-3.54252,-447.491,1.91687,0.1939
7150000,0,-4.27141,-447.939,0.383601,0.23956
7155000,0,-4.09029,-447.072,2.51063,0.2255
7160000,0,-3.59248,-446.943,1.88671,0.187
7165000,0,-4.16501,-448.856,1.00811,0.199743
7170000,0,-3.7058,-447.705,1.43194,0.1894
7175000,0,-3.2511,-447.746,1.98517,0.2082
7180000,0,-4.30555,-448.044,0.854621,0.197
7185000,0,-2.98388,-448.171,0.533076,0.24265
7190000,0,-3.82295,-448.502,0.806923,0.185
7195000,0,-3.88017,-447.219,1.5508,0.201727
7200000,0,-4.00669,-448.851,1.0392,0.199
7205000,0,-3.92106,-447.626,0.31068,0.203333
7210000,0,-3.23597,-448.349,3.26025,0.2084
7215000,0,-3.91975,-446.856,1.44177,0.1966
7220000,1,-5.16961,-452.615,0.191444,0.2108
7225000,0,-3.87431,-446.92,0.164088,0.21872
7230000,0,-2.6421,-450.907,0.548475,0.2014
7235000,0,-3.97686,-446.946,0.785645,0.24936
7240000,0,-4.00339,-447.541,0.353729,0.194067
7245000,0,-3.38569,-447.045,0.42081,0.209533
7250000,0,-3.29461,-449.399,1.20357,0.199356
7255000,0,-3.65369,-447.917,1.00674,0.2082
7260000,1,-3.96759,-444.395,1.49235,0.2294
7265000,0,-3.71101,-446.994,0.159882,0.29
7270000,0,-4.15967,-447.115,4.62684,0.21264
7275000,0,-3.79141,-446.99,1.01057,0.20005
7280000,0,-3.46333,-447.432,1.54981,0.226133
7285000,0,-3.7428,-447.294,0.522754,0.3281
7290000,0,-3.67339,-447.174,1.21157,0.1812
7295000,0,-3.58793,-447.907,0.531731,0.2218
7300000,0,-3.90625,-447.433,1.09475,0.1817
7305000,0,-3.90486,-446.838,0.912227,0.21688
7310000,1,-3.78476,-448.604,0.834345,0.2314
7315000,0,-2.99791,-450.134,0.0792643,0.21125
7320000,0,-3.22111,-447.647,0.335528,0.2878
7325000,0,-4.38866,-448.491,2.25798,0.2072
7330000,1,-3.45071,-448.871,2.14247,0.299067
7335000,0,-3.30754,-448.035,0.900134,0.2044
7340000,1,-3.54469,-447.351,0.444906,0.208633
7345000,0,-4.02384,-447.505,1.01453,0.2003
7350000,0,-3.75751,-448.358,1.40511,0.1872
7355000,0,-3.10539,-447.98,0.086845,0.207859
7360000,0,-3.48484,-446.894,0.539081,0.21825
7365000,0,-3.81399,-447.22,1.85169,0.2238
7370000,3,-2.82591,-443.104,8.82066,0.219725
7375000,0,-3.59111,-447.134,1.36555,0.2131
7380000,0,-3.59259,-446.988,1.29408,0.201267
7385000,0,-2.92378,-448.739,1.45619,0.2828
7390000,0,-3.04023,-448.641,0.167322,0.186467
7395000,0,-3.58709,-446.916,1.79127,0.2126
7400000,0,-3.43988,-447.677,1.89575,0.191267
7405000,0,-3.79813,-446.91,0.236212,0.197
7410000,1,-4.5258,-445.924,1.01157,0.2169
7415000,0,-3.5234,-448.312,1.82141,0.2198
7420000,0,-3.84238,-449.208,0.58045,0.18545
7425000,0,-3.53819,-447.983,0.213609,0.217385
7430000,0,-3.67144,-446.645,0.886832,0.1967
7435000,0,-3.42675,-447.354,2.11885,0.21945
7440000,0,-3.21166,-449.262,0.593079,0.1822
7445000,0,-2.75659,-452.198,0.247316,0.207
7450000,0,-3.42941,-447.674,0.530136,0.285733
7455000,0,-3.59119,-447.359,0.169939,0.20936
7460000,0,-2.88402,-453.827,0.449061,0.224333
7465000,0,-3.95706,-448.228,0.0485463,0.1943
7470000,0,-3.50251,-446.977,0.456155,0.19825
7475000,0,-4.18207,-447.159,0.607592,0.2406
7480000,0,-3.75031,-446.684,0.372352,0.207
7485000,1,-3.53337,-449.093,3.79842,0.1969
7490000,0,-4.17837,-447.108,1.2254,0.1998
7495000,0,-3.38944,-447.273,0.161592,0.1884
7500000,0,-3.96435,-449.268,1.008,0.238543
7505000,0,-3.68566,-447.06,0.172697,0.224867
7510000,0,-3.85,-450.258,0.943032,0.2518
7515000,0,-2.26539,-452.353,0.203107,0.230578
7520000,0,-3.21974,-448.515,4.70435,0.1886
7525000,0,-4.14874,-449.036,1.27395,0.2422
7530000,0,-3.0613,-451.002,0.028702,0.20655
7535000,0,-3.32757,-448.407,2.10444,0.2229
7540000,0,-3.33681,-448.366,0.296643,0.208
7545000,0,-2.41445,-451.245,0.838475,0.22424
7550000,0,-3.04733,-448.414,0.423681,0.2996
7555000,0,-3.50416,-447.333,2.0265,0.373
7560000,0,-3.41749,-449.635,0.130672,0.2056
7565000,0,-3.16037,-447.898,2.59751,0.2039
7570000,0,-3.25578,-447.237,0.151796,0.22
7575000,0,-4.02879,-447.496,2.07947,0.198036
7580000,2,-3.6891,-451.074,1.41933,0.2064
7585000,0,-3.68421,-447.077,1.01459,0.201
7590000,0,-4.10303,-447.697,0.985284,0.203233
7595000,0,-3.56507,-447.997,1.22172,0.194
7600000,1,-3.97094,-447.623,0.728795,0.2016
7605000,0,-3.66871,-447.739,0.519819,0.20632
7610000,0,-3.65779,-448.221,0.735508,0.1888
7615000,0,-4.27207,-447.543,2.90797,0.1932
7620000,0,-3.40156,-447.506,1.57289,0.192833
7625000,0,-3.67218,-447.924,0.382871,0.226
7630000,0,-3.81941,-446.984,1.4152,0.189218
7635000,0,-3.44202,-449.579,0.292446,0.1816
7640000,0,-4.19961,-449.033,0.435808,0.2062
7645000,0,-3.49222,-447.905,0.158007,0.204486
7650000,0,-3.33729,-447.813,0.399949,0.188533
7655000,0,-3.52739,-448.924,0.856135,0.1853
7660000,0,-3.548,-447.758,0.741849,0.1929
7665000,0,-3.41292,-447.058,1.27372,0.19602
7670000,0,-3.89241,-448.013,1.59814,0.223067
7675000,0,-3.52047,-448.269,1.19016,0.183
7680000,0,-3.22159,-447.693,0.781825,0.22615
7685000,0,-3.31726,-447.632,0.873806,0.2106
7690000,0,-4.03601,-447.469,0.228734,0.1848
7695000,0,-3.79046,-446.604,1.59711,0.19716
7700000,0,-3.26698,-448.025,0.793861,0.19612
7705000,0,-4.5555,-450.635,1.47071,0.1666
7710000,0,-3.41283,-447.486,0.976788,0.19668
7715000,0,-3.45852,-447.389,1.23,0.203
7720000,0,-3.91725,-448.453,0.455408,0.327733
7725000,0,-4.07953,-447.501,1.22102,0.2006
7730000,0,-3.53619,-447.084,1.22449,0.1732
7735000,0,-3.23525,-447.628,0.826741,0.2228
7740000,1,-4.9495,-452.735,0.88746,0.20105
7745000,0,-3.63828,-447.281,1.18893,0.219525
7750000,1,-4.05791,-445.897,0.709883,0.2044
7755000,0,-3.70019,-447.217,0.252141,0.1764
7760000,0,-3.99769,-450.077,0.193877,0.2138
7765000,0,-3.86028,-447.099,1.29132,0.24125
7770000,0,-3.78441,-446.765,0.570895,0.215167
7775000,1,-5.29641,-451.08,1.42247,0.20275
7780000,0,-3.4569,-448.844,0.0733243,0.198733
7785000,3,-7.56838,-430.427,3.76844,0.41696
7790000,0,-3.93177,-447.286,0.200948,0.191067
7795000,8,-7.56026,-428.568,9.9738,0.5087
7800000,3,-5.47338,-433.023,1.38559,0.516
7805000,5,-11.3837,-427.98,8.88457,0.3818
7810000,0,-3.9807,-447.95,2.39807,0.1972
7815000,0,-3.51976,-447.272,0.384131,0.1768
7820000,0,-3.89865,-448.482,0.847673,0.1898
7825000,0,-3.44513,-446.991,0.19928,0.2354
7830000,0,-3.51931,-448.92,1.97416,0.213
7835000,0,-3.58087,-447.273,0.615149,0.257511
7840000,0,-3.91412,-447.594,0.539715,0.1839
7845000,5,-9.80294,-431.207,7.46587,0.5034
7850000,5,-10.1469,-424.312,3.75556,0.5348
7855000,6,-4.81258,-430.308,4.30489,0.383733
7860000,4,-2.65457,-431.47,2.41249,0.527164
7865000,6,-11.5618,-429.659,5.62333,0.520867
7870000,0,-3.06886,-448.177,0.432385,0.206114
7875000,0,-3.30396,-447.695,0.741568,0.2376
7880000,3,-6.80817,-440.524,3.14029,0.5151
7885000,3,-5.53978,-429.274,1.14384,0.5088
7890000,3,-3.91969,-431.051,3.28041,0.492
7895000,0,-3.48178,-448.178,0.0295879,0.2693
7900000,6,-7.09536,-421.826,3.46938,0.5134
7905000,0,-3.27927,-448.88,1.62494,0.228267
7910000,0,-3.67774,-447.127,0.285774,0.250467
7915000,4,-5.85003,-437.765,4.8324,0.522486
7920000,0,-3.523,-447.284,0.292609,0.2588
7925000,0,-3.71498,-446.902,0.490063,0.2026
7930000,3,-2.79982,-426.983,3.13158,0.5215
7935000,3,-3.25565,-431.45,5.99887,0.5164
7940000,10,-5.2222,-417.707,8.89884,0.50956
7945000,1,-6.68729,-449.755,0.956854,0.22345
7950000,7,-9.09319,-416.464,7.31038,0.5208
7955000,0,-4.24304,-448.794,1.79267,0.2393
7960000,2,-4.24546,-440.302,4.4268,0.2478
7965000,0,-4.31837,-447.666,1.16759,0.4082
7970000,7,-5.22888,-429.28,6.11624,0.5104
7975000,0,-3.49154,-447.23,1.28763,0.269
7980000,0,-4.08421,-447.923,1.77496,0.2206
7985000,7,-11.8194,-422.129,9.89695,0.532171
7990000,6,-6.92875,-424.814,3.98937,0.5182
7995000,4,-8.653,-425.454,6.33662,0.516
8000000,11,-11.4546,-411.371,7.15342,0.5033
8005000,9,-13.0654,-421.353,6.22564,0.5154
8010000,0,-3.73577,-447.109,3.04731,0.201033
8015000,7,-7.11844,-414.74,5.41901,0.5082
8020000,6,-10.1801,-428.594,6.0724,0.49104
8025000,9,-9.61105,-429.588,7.43234,0.5184
8030000,0,-3.74105,-447.23,1.05596,0.207446
8035000,5,-6.02245,-429.491,2.66953,0.51715
8040000,4,-2.71707,-432.674,1.02021,0.493
8045000,0,-3.52569,-447.269,0.130159,0.189771
8050000,1,-3.86442,-445.58,0.447788,0.2252
8055000,7,-6.07325,-425.214,8.69472,0.493533
8060000,3,-2.59585,-433.33,5.95373,0.4638
8065000,3,-3.68674,-431.266,2.8204,0.4884
8070000,4,-6.27584,-439.485,6.71178,0.508356
8075000,3,-6.65344,-429.056,5.40435,0.49895
8080000,6,-11.1477,-429.279,6.86475,0.5076
8085000,1,-5.03343,-445.085,1.7102,0.268733
8090000,7,-10.1128,-427.731,8.65682,0.51116
8095000,0,-2.80343,-450.514,0.0254618,0.2095
8100000,0,-3.83164,-448.885,1.4242,0.231709
8105000,7,-9.59432,-423.846,7.26016,0.513133
8110000,2,-4.17557,-435.921,6.01885,0.493567
8115000,0,-4.29565,-447.893,0.561196,0.200333
8120000,0,-3.89677,-446.71,0.355757,0.1744
8125000,0,-3.25589,-447.551,0.869382,0.373067
8130000,0,-3.61691,-447.584,0.316011,0.1816
8135000,0,-4.22106,-447.422,0.240926,0.19955
8140000,5,-6.76426,-432.816,1.13177,0.515714
8145000,7,-5.32918,-426.776,10.1153,0.5398
8150000,0,-4.38051,-448.675,0.593723,0.20348
8155000,0,-3.85544,-447.726,0.819308,0.19675
8160000,0,-3.63384,-446.652,0.466279,0.197333
8165000,0,-3.45075,-447.768,0.40264,0.216867
8170000,0,-3.85758,-449.118,5.54238,0.1848
8175000,3,-8.32204,-435.58,4.38572,0.491
8180000,3,-7.22809,-433.95,5.40278,0.4328
8185000,4,-10.7029,-437.468,3.88745,0.4506
8190000,0,-3.44141,-447.709,2.68587,0.1861
8195000,4,-7.63532,-424.943,4.49466,0.4773
8200000,1,-3.62728,-447.032,2.76714,0.200575
8205000,3,-3.62696,-433.032,2.84356,0.5106
8210000,7,-7.13468,-424.122,6.91761,0.4886
8215000,0,-4.91691,-450.381,3.30304,0.19072
8220000,5,-9.06091,-429.601,5.03003,0.489
8225000,0,-3.99171,-448.142,0.124668,0.1711
8230000,0,-3.50721,-447.647,2.61227,0.193867
8235000,0,-3.73753,-447.68,0.667421,0.1755
8240000,0,-3.3916,-447.115,1.44518,0.187
8245000,0,-3.57519,-446.87,0.5274,0.2008
8250000,0,-3.4925,-448.469,2.28752,0.1874
8255000,4,-3.58819,-428.805,3.04354,0.492943
8260000,0,-4.68224,-454.244,0.710525,0.2035
8265000,0,-4.09907,-447.64,1.39842,0.210845
8270000,3,-4.39048,-435.888,5.19341,0.537933
8275000,0,-2.96558,-450.056,0.265693,0.186467
8280000,4,-9.06084,-437.371,2.69025,0.5402
8285000,4,-4.17549,-424.693,3.33546,0.5312
8290000,0,-3.59403,-446.699,0.679595,0.210875
8295000,0,-3.54909,-446.814,0.250749,0.219
8300000,0,-3.28404,-450.029,0.546684,0.1992
8305000,0,-3.55753,-447.151,0.640234,0.21605
8310000,0,-3.20381,-447.776,0.247364,0.1896
8315000,1,-3.25664,-450.57,1.38183,0.194067
8320000,1,-4.26109,-445.368,0.717533,0.1781
8325000,1,-4.93445,-447.324,0.493306,0.2516
8330000,2,-2.6362,-450.777,2.74716,0.392
8335000,1,-2.88281,-444.388,3.0744,0.5226
8340000,4,-5.62291,-423.819,4.2832,0.504673
8345000,0,-3.60308,-447.026,1.89912,0.219633
8350000,0,-2.46142,-451.157,0.51161,0.197527
8355000,0,-4.5145,-448.308,1.68085,0.1934
8360000,0,-3.40814,-447.919,1.14421,0.2514
8365000,0,-3.70819,-447.901,1.23716,0.202
8370000,3,-7.20849,-432.651,1.22286,0.504667
8375000,5,-4.13478,-429.277,9.32704,0.498075
8380000,5,-7.40726,-437.787,3.81088,0.5286
8385000,7,-7.66096,-429.359,11.6749,0.513667
8390000,0,-3.34953,-447.668,0.696808,0.20884
8395000,4,-8.38089,-429.619,2.23143,0.504867
8400000,4,-6.43501,-440.503,2.84932,0.4672
8405000,0,-3.06161,-448.44,0.401369,0.2336
8410000,0,-3.37953,-447.326,1.90847,0.20972
8415000,0,-3.54947,-448.068,0.0440303,0.2064
8420000,0,-3.27052,-449.745,0.725893,0.4136
8425000,0,-3.64882,-447.111,1.11977,0.1962
8430000,0,-3.16067,-448.597,1.4983,0.220067
8435000,0,-3.13549,-449.083,0.272864,0.224667
8440000,0,-3.96404,-446.749,1.89761,0.194
8445000,0,-2.72966,-453.992,0.599759,0.203
8450000,3,-3.95132,-435.488,3.65676,0.485538
8455000,0,-3.264,-447.738,1.29426,0.23744
8460000,0,-4.159,-448.437,2.33252,0.198571
8465000,0,-3.87543,-446.673,0.804123,0.2373
8470000,5,-6.19151,-431.196,1.65634,0.5541
8475000,6,-8.97162,-427.628,9.64438,0.5352
8480000,0,-4.34092,-448.125,1.78833,0.196114
8485000,0,-4.06329,-448.345,0.799391,0.20532
8490000,0,-3.83674,-446.659,0.641873,0.472267
8495000,0,-3.89001,-447.442,0.821933,0.1992
8500000,1,-8.03472,-453.54,2.18367,0.2501
8505000,0,-3.20462,-448.87,0.300922,0.3176
8510000,0,-4.14827,-447.301,0.43741,0.201667
8515000,0,-3.49154,-447.766,1.0498,0.2528
8520000,0,-4.37876,-450.197,0.399817,0.1934
8525000,0,-3.76084,-449.004,0.832586,0.197822
8530000,0,-3.67624,-446.901,0.594721,0.19828
8535000,0,-3.63938,-446.792,1.73345,0.2324
8540000,0,-2.80052,-452.085,2.36603,0.224867
8545000,0,-3.40657,-447.661,0.324258,0.2032
8550000,0,-4.07044,-447.914,2.16003,0.215933
8555000,0,-3.23497,-447.912,0.291074,0.21456
8560000,1,-4.95789,-443.963,0.372715,0.222
8565000,1,-3.53398,-452.004,2.54857,0.22615
8570000,0,-2.72618,-450.867,0.808047,0.2017
8575000,0,-3.14791,-448.859,1.82658,0.2325
8580000,0,-3.28736,-448.687,0.515151,0.2027
8585000,0,-3.33818,-451.278,0.759551,0.2446
8590000,0,-4.11768,-447.197,0.474986,0.2022
8595000,2,-7.04902,-441.734,0.948914,0.46095
8600000,3,-4.62322,-426.726,6.86615,0.4756
8605000,0,-3.49417,-447.664,1.43416,0.218036
8610000,8,-10.4844,-425.282,9.62636,0.5018
8615000,0,-3.2619,-447.593,0.629657,0.21486
8620000,5,-5.958,-429.402,4.03263,0.535
8625000,3,-2.45736,-429.745,2.06438,0.5062
8630000,4,-8.07707,-426.449,2.03703,0.518
8635000,9,-12.7862,-434.614,7.69676,0.5266
8640000,0,-3.5993,-447.645,0.460185,0.214686
8645000,0,-3.17015,-449.66,0.325289,0.336767
8650000,4,-4.65997,-432.575,3.43641,0.501267
8655000,0,-2.83121,-451.597,0.459803,0.199067
8660000,0,-3.36215,-449.529,2.82457,0.2136
8665000,0,-2.86687,-450.24,0.806247,0.22196
8670000,0,-3.45901,-446.886,0.0692432,0.3229
8675000,1,-5.63874,-451.844,0.611193,0.253333
8680000,0,-3.90476,-447.44,0.536931,0.1952
8685000,0,-3.77243,-447.26,0.519774,0.226
8690000,0,-3.8863,-447.29,0.27547,0.1948
8695000,0,-3.31208,-447.946,0.598594,0.3214
8700000,1,-5.89411,-447.347,1.10747,0.213286
8705000,0,-3.32614,-447.554,1.88232,0.180667
8710000,0,-3.10647,-448.311,0.264909,0.2034
8715000,0,-3.36673,-448.452,1.11856,0.2298
8720000,0,-2.79581,-449.543,1.17922,0.2028
8725000,0,-2.28649,-452.851,0.81755,0.301
8730000,1,-5.27155,-448.311,2.81371,0.22415
8735000,0,-3.80665,-446.917,0.157446,0.2534
8740000,0,-3.28467,-447.735,0.101682,0.187
8745000,0,-3.64755,-447.688,0.111027,0.2507
8750000,0,-3.79876,-446.751,0.457748,0.199055
8755000,0,-3.41661,-447.554,0.597672,0.244043
8760000,0,-3.87857,-448.235,0.132041,0.199333
8765000,2,-6.0735,-445.186,1.74857,0.2506
8770000,0,-3.64499,-447.441,0.593875,0.21135
8775000,0,-3.41532,-452.803,2.49108,0.3318
8780000,0,-3.84814,-448.875,0.15518,0.1832
8785000,0,-3.64433,-448.85,1.13747,0.2276
8790000,0,-3.59505,-447.214,2.08798,0.1848
8795000,0,-3.9175,-446.999,1.2062,0.1992
8800000,0,-4.41532,-448.021,1.61269,0.24545
8805000,0,-3.66455,-449.819,0.211875,0.2236
8810000,0,-3.68997,-447.15,0.0281139,0.2135
8815000,0,-3.41812,-447.194,2.38899,0.194886
8820000,0,-3.5394,-447.557,0.925061,0.2012
8825000,0,-3.37554,-448.55,0.00897027,0.225
8830000,0,-3.74039,-446.626,0.524812,0.1798
8835000,4,-12.3767,-441.261,6.18459,0.366833
8840000,3,-2.81172,-440.323,1.48997,0.3792
8845000,0,-4.30558,-448.754,0.796562,0.21322
8850000,0,-3.77031,-447.403,1.20621,0.1998
8855000,4,-5.72868,-430.949,3.478,0.505
8860000,6,-7.98273,-424.435,6.43032,0.5114
8865000,7,-9.33145,-417.68,8.56062,0.5154
8870000,10,-16.6294,-420.877,6.62488,0.5272
8875000,0,-3.81231,-447.593,0.161894,0.206333
8880000,6,-10.4653,-425.23,11.3166,0.5261
8885000,0,-3.28608,-448.404,0.28116,0.2212
8890000,8,-12.1314,-426.289,6.45984,0.5293
8895000,3,-2.99223,-428.457,3.9777,0.5134
8900000,0,-4.33727,-447.933,0.90945,0.213133
8905000,0,-3.85378,-446.785,1.39458,0.1742
8910000,3,-3.76596,-429.957,4.85166,0.355533
8915000,0,-3.75134,-448.218,0.264443,0.2017
8920000,3,-6.1116,-435.264,1.91697,0.50008
8925000,4,-4.89685,-428.619,6.20265,0.5
8930000,0,-3.74846,-449.393,0.380761,0.207962
8935000,0,-3.71438,-446.678,1.49058,0.189
8940000,0,-3.45033,-447.688,1.34082,0.20284
8945000,0,-3.64793,-448.894,1.63542,0.175
8950000,7,-8.12025,-423.264,2.73733,0.502
8955000,4,-7.64485,-428.96,3.81857,0.497733
8960000,4,-5.02811,-428.237,4.38224,0.5409
8965000,4,-5.79253,-425.941,4.71137,0.5117
8970000,0,-3.92083,-447.925,0.889635,0.220743
8975000,3,-7.06846,-433.801,1.19594,0.483533
8980000,0,-3.65879,-447.585,0.544587,0.200629
8985000,8,-10.657,-436.025,10.6478,0.5055
8990000,6,-11.1412,-429.397,8.28912,0.50104
8995000,5,-6.22567,-433.022,5.06421,0.5116
9000000,0,-2.79162,-449.77,0.137171,0.20975
9005000,4,-5.56942,-427.424,2.07135,0.5016
9010000,2,-6.71299,-439.152,3.41348,0.3855
9015000,0,-3.71325,-448.595,1.15151,0.3838
9020000,3,-6.97992,-427.756,5.34097,0.494733
9025000,6,-10.5148,-425.542,9.38769,0.524
9030000,7,-8.38888,-420.435,8.18974,0.5148
9035000,10,-10.3319,-426.927,12.9679,0.5636
9040000,0,-3.70269,-446.708,0.741489,0.197614
9045000,0,-3.5749,-446.899,2.35941,0.2014
9050000,0,-3.96181,-448.181,1.1517,0.204257
9055000,4,-6.7085,-431.123,4.95356,0.4862
9060000,3,-4.1445,-432.622,0.90375,0.503508
9065000,3,-5.58124,-433.27,8.53176,0.4958
9070000,7,-8.74833,-427.257,6.24355,0.5378
9075000,0,-4.20313,-447.727,2.4799,0.3704
9080000,0,-3.92917,-446.838,1.03284,0.1752
9085000,4,-7.01116,-426.671,4.68112,0.492467
9090000,0,-3.71069,-446.891,0.17456,0.1841
9095000,0,-3.25831,-448.377,0.930935,0.264756
9100000,4,-5.81848,-432.491,3.05928,0.4878
9105000,0,-3.12143,-448.935,0.529644,0.2016
9110000,0,-3.65358,-446.823,0.904377,0.188733
9115000,1,-3.81307,-447.786,2.67679,0.2831
9120000,5,-8.61665,-430.22,10.2963,0.5148
9125000,8,-14.4103,-425.085,14.7949,0.5358
9130000,7,-12.1105,-427.061,8.48774,0.524
9135000,0,-3.55051,-447.001,0.147496,0.21785
9140000,0,-3.32801,-449.307,0.727604,0.1976
9145000,3,-8.19849,-430.106,3.69535,0.5086
9150000,0,-3.1302,-448.76,2.27662,0.2216
9155000,0,-3.52971,-447.747,0.583816,0.1926
9160000,0,-4.11315,-446.925,1.67066,0.19928
9165000,3,-4.57794,-430.203,8.77186,0.5128
9170000,0,-4.07422,-449.123,0.208778,0.2275
9175000,2,-5.0342,-443.56,3.93278,0.491
9180000,0,-3.69471,-448.92,3.51232,0.19568
9185000,0,-3.21345,-448.453,0.057235,0.186
9190000,4,-5.32502,-433.29,2.18396,0.471667
9195000,0,-3.16039,-448.02,0.16369,0.2739
9200000,0,-3.10697,-448.01,0.0762367,0.2884
9205000,0,-4.09037,-449.095,0.399032,0.192
9210000,0,-3.61442,-446.953,1.16671,0.1998
9215000,0,-3.82257,-448.425,0.928974,0.218444
9220000,0,-2.83923,-449.254,0.333025,0.1994
9225000,0,-3.2255,-447.378,0.385946,0.2326
9230000,4,-10.2645,-429.706,8.85081,0.50475
9235000,4,-2.996,-432.363,4.16308,0.4734
9240000,0,-4.33657,-448.576,0.690746,0.19404
9245000,0,-4.27267,-449.019,0.0126083,0.235794
9250000,5,-8.33163,-434.978,5.12023,0.5074
9255000,6,-5.53275,-429.295,7.10067,0.499
9260000,0,-4.51319,-448.989,0.00408168,0.20485
9265000,0,-3.92573,-446.722,0.0596261,0.19525
9270000,5,-4.27142,-431.867,9.1349,0.515733
9275000,0,-3.59991,-447.299,0.471708,0.188867
9280000,2,-3.06179,-436.066,1.99907,0.4907
9285000,0,-3.57924,-447.51,0.228254,0.18695
9290000,0,-3.51502,-449.457,0.190955,0.2028
9295000,0,-3.65288,-446.95,0.278167,0.2004
9300000,1,-5.71032,-445.538,3.32484,0.195525
9305000,5,-5.37737,-438.086,6.41854,0.50968
9310000,2,-3.16062,-442.331,3.29835,0.4658
9315000,0,-3.26196,-448.211,5.65231,0.20665
9320000,1,-4.64274,-451.405,1.51881,0.201771
9325000,0,-3.67589,-447.51,0.232364,0.1952
9330000,0,-3.39026,-447.386,1.72336,0.2
9335000,0,-2.90167,-456.274,0.400876,0.2812
9340000,0,-3.87802,-447.224,4.69101,0.2177
9345000,0,-3.93018,-450.301,0.282594,0.205
9350000,0,-3.74072,-447.133,1.45014,0.20512
9355000,0,-3.50262,-446.91,0.338626,0.2144
9360000,0,-2.86156,-449.158,0.876327,0.198644
9365000,0,-3.91462,-446.781,0.0956281,0.1887
9370000,0,-3.14781,-447.687,0.975898,0.2036
9375000,0,-3.48127,-446.883,0.148819,0.1924
9380000,0,-3.95837,-446.797,1.15399,0.17752
9385000,0,-3.42213,-447.3,0.467788,0.1993
9390000,0,-3.00716,-448.239,1.15548,0.2076
9395000,1,-4.66661,-450.643,1.6134,0.2546
9400000,1,-6.21621,-446.744,0.605912,0.18475
9405000,0,-3.64858,-447.287,1.06207,0.225229
9410000,0,-3.17967,-448.862,0.297441,0.2826
9415000,0,-3.74234,-447.566,3.16584,0.2044
9420000,1,-4.11419,-449.264,2.62422,0.23188
9425000,0,-3.98648,-447.993,0.605148,0.208333
9430000,0,-4.36369,-448.875,0.00372669,0.1797
9435000,0,-4.01011,-447.331,0.442763,0.1961
9440000,2,-3.60797,-439.334,2.07096,0.228586
9445000,5,-10.2602,-434.477,5.82189,0.4978
9450000,0,-3.63921,-447.963,2.99131,0.205971
9455000,0,-2.89762,-448.786,0.53264,0.27568
9460000,10,-12.2618,-424.733,10.5213,0.5052
9465000,0,-3.34763,-448.017,0.850394,0.2035
9470000,0,-3.81733,-447.721,1.37289,0.19845
9475000,5,-8.01429,-424.884,5.66411,0.507667
9480000,0,-3.30633,-448.038,0.645875,0.183
9485000,0,-3.60699,-447.08,1.176,0.31998
9490000,2,-2.8265,-440.444,2.39352,0.5144
9495000,3,-8.61338,-433.235,6.03812,0.4912
9500000,9,-8.6347,-436.005,12.2579,0.368371
9505000,0,-4.16111,-452.907,0.75643,0.2064
9510000,4,-8.74819,-431.497,8.17696,0.509933
9515000,4,-2.56719,-432.049,6.06074,0.5244
9520000,0,-3.79595,-446.701,0.867153,0.202667
9525000,7,-5.36767,-429.064,4.94402,0.4993
9530000,0,-3.87012,-447.318,0.957783,0.295433
9535000,0,-4.05377,-447.582,1.22267,0.2226
9540000,0,-3.50952,-447.232,0.25046,0.2022
9545000,0,-3.4866,-448.532,3.21809,0.1838
9550000,3,-4.64505,-428.798,2.7952,0.49028
9555000,0,-3.76874,-449.539,0.779715,0.191843
9560000,0,-4.15111,-447.15,0.420002,0.1959
9565000,3,-3.29383,-434.065,0.332756,0.511067
9570000,0,-3.53418,-447.591,0.863594,0.196933
9575000,0,-3.39888,-448.017,0.911707,0.288033
9580000,8,-9.78484,-417.997,10.1176,0.513467
9585000,0,-3.21352,-447.684,0.391883,0.18964
9590000,4,-4.95885,-425.327,1.29137,0.5132
9595000,0,-3.75236,-447.344,0.590857,0.2007
9600000,0,-3.59482,-446.831,2.03787,0.301
9605000,6,-6.6314,-424.003,8.35233,0.518667
9610000,6,-8.84626,-428.936,12.4694,0.5294
9615000,0,-3.11272,-448.167,0.440453,0.193756
9620000,0,-4.22037,-447.184,1.88754,0.197
9625000,0,-4.08499,-447.416,1.56757,0.21604
9630000,0,-3.56734,-448.009,1.2814,0.196367
9635000,0,-3.70298,-447.761,1.7279,0.1958
9640000,0,-3.79455,-450.967,0.00051737,0.1956
9645000,0,-4.04306,-448.079,0.37634,0.22336
9650000,0,-3.83953,-447.855,0.324035,0.212933
9655000,0,-3.35345,-447.024,0.298632,0.201533
9660000,0,-4.24456,-450.011,0.0924377,0.1922
9665000,0,-3.91274,-447.82,0.939448,0.213
9670000,0,-3.85062,-447.516,1.49547,0.21805
9675000,0,-3.45368,-447.326,0.122862,0.1913
9680000,0,-4.30593,-448.976,0.310977,0.1803
9685000,1,-3.87858,-443.543,2.93248,0.307
9690000,0,-3.9872,-447.212,0.29081,0.3176
9695000,1,-5.94174,-446.135,0.718558,0.2523
9700000,0,-3.25721,-447.48,0.281186,0.2434
9705000,0,-3.16469,-447.797,1.99684,0.199267
9710000,1,-3.73555,-445.857,0.297249,0.2124
9715000,0,-3.65001,-448.606,1.79352,0.316438
9720000,0,-4.04003,-446.95,0.163069,0.1998
9725000,0,-3.72185,-447.772,0.404422,0.20308
9730000,0,-3.47152,-447.059,2.87684,0.2013
9735000,2,-4.03854,-444.211,2.47715,0.219333
9740000,0,-4.0261,-446.849,0.534832,0.1883
9745000,0,-4.08793,-449.589,0.320429,0.1814
9750000,0,-3.76685,-447.844,0.232585,0.1784
9755000,5,-4.83235,-424.369,2.18771,0.49945
9760000,5,-5.08558,-424.833,6.53994,0.5038
9765000,0,-4.2109,-447.58,1.79717,0.21728
9770000,1,-4.55935,-451.36,4.15119,0.213186
9775000,0,-3.12034,-447.743,0.193652,0.21044
9780000,0,-4.0112,-447.469,0.702944,0.227667
9785000,1,-4.09865,-448.279,3.3036,0.2654
9790000,2,-3.97358,-445.219,0.991084,0.2851
9795000,2,-6.23322,-443.655,2.14541,0.508429
9800000,2,-4.42457,-441.764,1.78743,0.4996
9805000,0,-3.0871,-448.587,0.125813,0.195367
9810000,0,-4.01551,-447.827,1.41128,0.2238
9815000,0,-3.85126,-447.631,0.132557,0.236333
9820000,0,-3.33227,-447.644,0.0900345,0.2006
9825000,0,-3.94371,-447.031,0.626247,0.19775
9830000,0,-3.69224,-447.66,0.811391,0.4794
9835000,0,-3.35946,-448.48,0.269474,0.2004
9840000,0,-2.92957,-452.606,0.196259,0.20996
9845000,0,-3.73652,-447.073,0.727703,0.1926
9850000,0,-3.54456,-446.886,0.172647,0.2064
9855000,0,-3.97521,-447.143,1.06334,0.1796
9860000,0,-3.83899,-447.425,1.07812,0.2048
9865000,0,-3.95325,-447.039,0.976689,0.199829
9870000,0,-3.87447,-446.717,1.39874,0.2567
9875000,0,-2.81734,-451.77,0.384359,0.2259
9880000,0,-3.78586,-446.657,2.1032,0.1926
9885000,0,-3.23182,-447.777,1.28109,0.1929
9890000,1,-4.30372,-443.934,0.229405,0.2375
9895000,0,-4.00855,-448.52,0.439291,0.225033
9900000,0,-3.54913,-446.883,0.199245,0.215213
9905000,0,-3.53967,-447.806,1.28248,0.197
9910000,0,-4.32357,-449.171,1.38188,0.1944
9915000,0,-3.66051,-448.366,0.853108,0.2065
9920000,0,-3.12244,-448.739,2.15594,0.2555
9925000,0,-3.7667,-449.835,0.532945,0.216133
9930000,0,-3.57085,-447.011,0.92442,0.199489
9935000,0,-3.17046,-447.926,1.42987,0.2071
9940000,0,-3.68821,-447.154,1.9547,0.205
9945000,0,-3.59362,-446.845,0.106811,0.219
9950000,1,-4.03441,-442.533,1.92524,0.251733
9955000,3,-4.57432,-446.128,5.94734,0.2189
9960000,0,-2.68607,-450.754,0.37158,0.3254
9965000,0,-3.29869,-447.943,0.355826,0.1975
9970000,0,-3.47252,-448.377,1.44681,0.194
9975000,1,-3.02451,-445.369,2.57143,0.3178
9980000,1,-3.3339,-443.244,1.43731,0.2638
9985000,0,-3.02786,-448.839,0.32164,0.1908
9990000,0,-2.96396,-448.269,0.305337,0.214215
9995000,0,-3.55701,-446.781,0.898778,0.2161
